2369
2958
3447
1867
3162
3421
3246
3319
1545
3058
2569
1604
2233
2884
2994
1275
710
3536
2424
1107
3599
2807
2061
2179
3476
2757
3630
1925
1342
507
2105
2214
3237
2446
2500
2163
1605
2487
3259
1977
614
3671
1881
1367
2277
1641
3457
1460
1292
2866
1772
2404
2561
2959
2913
2173
3129
2711
2899
612
2848
873
1818
1961
447
1092
2373
2407
3110
963
2638
2690
2573
2146
2363
1074
3641
1915
2864
2678
2304
3576
2397
2402
2447
1300
2253
2077
1301
677
848
2239
2120
2118
2741
3404
538
1931
3559
2489
2513
2213
520
1333
2531
2001
2325
3481
2003
2635
608
3494
1654
3171
2377
622
1396
2230
3597
1777
2789
1437
1882
2664
2881
3574
2135
1068
1701
2194
3223
3464
2745
3700
1589
1630
3392
3284
1749
2471
3150
1762
2069
3327
893
1217
3417
628
1326
1889
2526
1433
2914
2770
1503
3176
3096
2002
3543
1692
1710
2630
2511
2923
2354
3422
2439
3438
1875
1952
1216
2225
3123
1617
3097
2236
2378
2840
2172
3181
3311
1953
2342
3047
2645
1763
2284
1340
2339
2211
1982
2084
2890
1541
3433
2263
3357
1366
1798
2560
1334
2030
3650
735
2933
404
1822
500
568
2583
2140
2317
3001
487
3456
2908
2328
2055
3083
2927
3231
2412
3521
2795
2337
2483
3000
2760
3165
3266
912
1696
2987
2121
226
2528
1947
2943
2303
3502
3355
2624
2898
2808
3682
2180
2195
2643
1286
3277
2113
1474
423
2219
3627
699
2929
2410
1927
585
2874
2995
2495
2481
3275
3193
3658
3124
3212
3583
2715
2090
2618
1602
1504
3620
2870
760
1616
2095
2867
2190
3515
2966
1908
2040
2762
3606
293
2721
3288
953
3363
2104
1237
2218
1980
3037
621
2680
1562
2806
825
2420
2919
3258
2360
2158
3078
2427
2876
2322
2275
733
2942
2871
2996
2868
2054
3056
3409
3647
2320
2070
2154
3321
1317
2018
3010
2389
2176
2804
2460
1963
2659
2892
2019
2732
3239
685
665
3373
3489
2575
2241
2617
3287
1069
1481
3375
3167
2318
1974
436
2625
3336
1903
1821
1670
3075
2497
920
2880
3674
3234
783
1902
2097
2714
1717
2469
1628
3410
2548
3147
2068
2934
1330
2228
3668
3160
1778
3032
3730
2863
188
3133
786
3676
2724
2798
2651
363
2775
2415
2502
1985
3035
2862
1452
2953
1590
2425
2592
3108
3714
2243
479
1486
2405
2661
1970
3689
2290
2268
3071
2610
2517
2909
3646
3320
2486
1957
2842
2780
2734
1883
3040
1775
3364
3378
1364
3387
3236
2751
2060
1725
1521
1679
3111
2348
2764
2837
3142
670
2162
2321
2384
3064
3662
1345
2952
2308
2076
1660
1816
1826
1386
2722
3121
59
2050
1812
1769
2509
2599
2183
2144
653
2107
2056
2458
2928
2710
3094
3497
2393
3301
2106
3338
1844
1736
2524
1315
864
2828
3368
2551
3114
2499
2859
1727
3661
2278
3352
2847
2900
2475
109
3395
