0	8
1	1	8	11
2	8	11
3	8
4	1	8	11
5	1	8	11
6	8	15
7	1	8	11
8	1	8	11
9	0	10
10	1
11	2
12	8	15
13	1	8
14	1	8	11
15	1	8	11
16	9
17	10
18	8
19	8	11
20	8
21	1	8
22	1	8	11
23	0	10
24	1
25	0	2
26	8	15
27	1	8	11
28	8
29	8	11
30	8	15
31	1	8	11
32	1	8	11
33	8
34	1	8	11
35	1	8	11
36	1	8	11
37	9
38	0	10
39	8	15
40	1	8	11
41	8	15
42	8	11
43	8
44	1	8	11
45	8	11
46	8	11
47	9
48	10
49	8	15	21
50	1	8	11
51	1	8	11
52	8
53	8	21
54	1	8	11
55	8
56	8	11
60	8
61	8
62	8	11
63	9
64	10
65	8
66	1	8	11
67	8	11
68	8	15
69	1	8
70	1	8	11
71	8
72	1	8	11
73	8
74	1	8	11
75	8	15
76	8	11
77	8	15
78	1	8	11
79	8
80	8	11
81	8	15
82	8	15
83	8	15
84	1	8	11
85	8
86	1	8	11
87	1	8	11
88	8	15
89	1	8	11
90	8	15
91	8	11
92	8	15
93	9
94	10
95	1	8	11
96	8
97	8	11
98	8
99	0	10
100	1	19
101	8
102	8	11
103	8
104	8	11
105	8
106	8	11
110	8	11
111	8	15	21
112	1	8	11
113	1	8	11
114	9
115	10
116	8
117	8	11
118	9
119	10
120	8
121	1	8
122	8	11
123	8	11
124	8	15
125	8
126	8	15
57	20
127	2
128	21
129	0	10
130	1
131	8
132	1	8	11
133	9
134	10
135	8	15
136	8
137	1	8	11
138	8	11
139	8	15
140	8
141	1	8	11
142	8	15
143	8	15
144	1	8	11
145	8
146	8
147	1	8	11
148	8
149	1	8	11
150	8	11
151	8
152	1	8	11
153	1	8	11
154	1	8	11
155	0
156	3
157	4
158	8
159	8	11
160	8
161	9
162	10
163	8	11
164	0	10
165	1
166	1	8	11
167	8	11
168	8
169	8	11
170	8	15
171	1	8	11
172	10
173	8	15
174	1	8	11
175	1	8	11
176	8
177	1	8	11
178	1	8	11
179	8
180	8	11
181	0	10
182	3
183	4
184	8	15
185	1	8	11
186	8
187	8	11
191	0	10
192	1
193	2
194	8	15
195	1	8	11
196	8
197	1	8	11
198	0
199	1	2
200	1	8	11
201	9
202	10
203	8	15
204	8	11
205	9
206	8
207	1	8	11
208	8	11
209	1	8	11
210	9
211	10
212	1
213	2
214	8	15
215	8	11
216	8	11
217	8	15
218	1	8	11
219	8
220	8
221	1	8	11
222	8	15
223	8
227	2
228	21
229	0	10
230	1
231	2
232	8
233	0	10
234	1
235	2
236	14
237	8	15
238	16
239	8	15
240	9
241	10
242	8
243	1	8	11
244	1	8	11
245	8	15
246	1	8	11
247	9
248	10
249	9
250	10
251	8	11
252	10
253	9
254	0	10
255	3
256	4
257	1	8
258	9
259	8	10
260	8
261	8	15
262	8	11
263	9
264	10
265	0	2	10
266	1
267	2
268	8	15
269	8
270	8	11
271	8	15
272	8	11
273	8
274	0	2	10
275	1
276	2	8
277	1	8	11
278	8	15
279	1	8
280	8	11
281	9
282	10
283	8	15
284	8	11
285	9
286	10
287	9
288	10
289	1	8	11
290	9
291	8	15
292	1	8	11
224	1	8	11
294	9
295	10
296	1	8	11
297	9
298	10
299	8	15	21
300	9
301	8	15
302	8
303	8	15
304	1	8	11
305	8
306	8	15
307	8
308	1	8	11
309	9
310	10
311	0	10
312	1
313	8
314	8	11
315	0
316	5
317	3
318	0	10
319	1
320	2
321	9
322	0	2	10
225	9
323	10
324	8
325	8	15
326	9
327	0	2	10
328	8	15
329	8	15
330	0
331	1	8
332	2
333	1	8	11
334	8	11
335	8	21
336	14
337	8	15
338	16
339	0	10
189	0	1	8
340	0	2
341	9
342	10
343	8
344	8	15
345	8	11
346	8
347	8	21
348	8
349	8
350	9
351	9
352	10
353	8	15
354	1	8	11
355	8	15
356	8	15
357	8	15
358	8	15
359	1	8	11
360	8
361	9
362	10
364	0	10
365	8	15
366	8	11
367	0	10
368	1
369	9
370	10
371	1	8	11
372	9
373	10
374	8	15
375	8	15
376	1	8	11
377	8	15
378	8	11
379	1	8
380	1	8	11
381	9
382	8	11
383	8	15
384	8	15
385	8	11
386	8	15
387	1	8	11
388	10
389	8	15
390	8	15
391	8
392	0
393	4
394	8	15
395	8
396	8
397	8	15
398	8	15
399	9
400	10
401	1	8	11
402	9
403	10
406	8	15
407	8	15
408	1	8	11
409	8
410	8	15
411	8
412	8	11
413	10
414	1	8	11
415	10
416	8	15
417	8	11
418	2
419	8	15	21
420	8	11
421	8	11
422	9
425	8	15
426	8	15
427	8
428	1
429	8	11
430	9
431	9
432	1
433	2
434	8
435	9
439	8	15
440	8	15
441	8	15
442	8	11
443	9
444	10
445	8
446	8	11
448	8
449	0	2	10
450	1
451	8
452	8
453	8	15
454	1	8	11
455	8	15
456	1	8
457	8	11
458	8	15
459	8
460	8
461	8	15
462	8	15
463	8	11
464	8	15	21
465	9
466	10
467	10
468	1	8	11
469	10
470	8	11
471	10
472	8	15
473	8
474	1	8	11
475	8
476	1
477	2
480	8	15
481	8
482	8
483	9
484	10
485	0	10
486	1
489	8
490	3
491	8	15
492	10
493	1	8	11
494	9
495	9
496	0	2	10
497	8	15	21
498	8	11
499	8	11
501	9
502	1
503	8	11
504	9
505	9
508	9
509	10
510	8
511	8	15
512	1	8
513	8	11
514	10
515	8
516	8
517	8
518	1	8	11
519	8	15
522	8
523	0	10
524	1
525	8
526	9
527	10
528	8
529	8	11
530	8	15
531	10
532	10
533	8	15
534	8	15
535	1	8	11
536	1	8
537	4
539	8	15
540	8	15	21
541	9
542	10
543	8
424	8	11
544	8	15
545	8	15
546	8
547	0	10
548	1
549	0	10
550	3
551	4
552	8	15	21
553	9
554	10
555	0	10
556	1
557	9
558	10
559	8	15
560	8	15
561	21
562	8	15
563	1	8
564	8	15
565	8	15
569	8	15	21
570	8	11
571	10
572	8
573	8	11
574	8	15
575	8
576	8
577	9
578	0
579	9
580	0	10
581	0	10
582	8
583	8	11
584	8	11
586	1
587	9
588	10
589	0	10
590	2
591	0	10
592	3
593	8	15
594	1	8	11
595	10
596	9
597	8
598	8	11
599	9
600	10
601	8
602	16
603	9
604	9
605	8
606	8	15
108	9
607	0	10
609	10
610	8	21
611	8	11
615	8
616	0	10
617	1	8	11
618	8	15
619	8
620	8	15
624	8	15
625	8
626	8	15
627	1
629	8
630	8	15
631	10
632	8	15
633	8	11
634	8	15
635	8
636	10
637	8	15	21
638	8	11
639	8	15
640	2
641	8	15
642	8
643	8
644	8	11
645	8
646	8
647	8	15
648	0	10
649	9
650	0	10
506	9
651	10
652	8
654	8
655	8	21
656	8
657	10
658	8	11
659	8	15
660	9
661	9
662	0	10
663	0	10
664	1
666	8
667	8	11
668	8	15	21
669	8	15
438	1	2
671	8	11
672	10
673	8
674	8	15
675	8
676	8	15
679	8	15
680	0	10
190	2
681	8	15
682	8	15
683	8	15
684	2
686	9
687	8	11
688	9
689	8	11
690	10
691	8	15	21
692	1
693	2
694	8	15
695	10
696	9
697	10
700	8	15
701	8
702	8
703	8
704	8	15
705	8	15
706	10
707	8	11
708	0
709	2
711	0	10
712	8
713	1	8	11
714	8
715	1	8	11
716	8	15
717	0	10
718	1
719	2
720	10
721	8	15
722	8	15
723	8
724	9
725	8	15
726	1	8	11
727	10
728	8	15	21
729	8	11
730	9
731	8
732	8	11
736	8
737	9
738	8	15	21
739	8	11
740	9
741	2
742	8	11
743	8	15	21
744	8	15
745	9
746	10
747	8	11
748	8
749	10
750	10
751	8	15
521	8	11
58	2
752	8	11
753	0	10
754	2
755	0
756	10
757	2
758	8	15
761	10
762	0	10
763	8	15
764	8	11
765	10
766	8
767	8	11
768	8
769	8
770	8	15
771	10
772	8
773	8	15
774	8	15
775	1	8	11
776	8
566	20
777	21
778	8	15	21
779	8	15
780	8
781	8	15
782	8
784	0	10
785	2
789	10
790	8
791	1
792	2
793	10
794	8	15
795	8	15
796	9
797	1
798	8	15
799	8
800	9
801	8	15
802	8
803	8	15
804	8	15
805	8	15
806	8	15
807	0	10
808	3
809	4
810	8	15
811	8
812	10
813	8
814	10
815	8
816	9
817	10
818	8	15
819	8	15
820	8	15
821	8	11
822	1
823	0	2
824	8	15
826	8	15
827	8
828	8	15
829	8	11
830	8
831	8	11
832	1
833	8	15
834	1	8	10
835	9
836	10
837	0
838	8
839	8
840	9
841	8	15
842	8
843	0
844	3
845	4
846	2
847	8	15
849	8	15
850	0
851	8
852	9
853	8
854	8	15
855	8
856	8	11
857	0	10
858	1
859	2
860	8	11
861	8	15
862	8
865	8
866	8
867	10
868	8	11
869	10
870	8
871	8	15
874	8	11
875	8	15
876	8	11
877	8
878	8	15
879	0	10
880	8
881	8
882	20
883	2
884	21
885	9
886	10
887	8
888	10
889	1	8	11
488	1	8	11
890	10
891	8	15
892	8	15
894	8	15
895	1
896	14
897	8	15
898	16
899	8	15
900	10
901	10
902	9
903	8	15
904	8
905	8	15
906	8
907	8
908	10
909	8	15
910	8	21
913	8
914	8	15	21
915	8
916	9
917	0	10
918	1
919	8
921	0	10
922	3
923	8	21
924	8	15
925	8
926	8
927	8	15
928	0	10
929	8
930	8	15
931	8	15
932	8	11
933	9
934	1
935	8
936	8
937	8	15
938	8	11
939	8	15
940	8	15
941	14
942	8	15
943	16
944	8	15
945	8	15
946	0	2
947	1
948	9
949	8	15
950	8	15
951	8	11
952	8
954	8
955	8
956	12
957	12
958	13
959	1
960	2
961	8	15	21
962	8	15
964	10
965	9	10
966	10
967	9
968	10
969	8	21
970	8
478	0	2	10
971	2
972	8	15
973	8	15
974	8	11
975	6
976	6
977	7
978	8	15
979	8	15
980	10
981	8	15
982	8	15
983	10
984	0
985	10
986	8	15
987	10
988	5
989	10
990	8	15
991	8	15
992	8
993	8	15
994	8	15
995	10
996	8	15
997	8
998	8	11
999	10
1000	1
1001	8	15
1002	8
1003	1	8	11
107	8	11
1004	10
1005	10
1006	8	15
1007	8	15
1008	8
759	3
1009	4
1010	8	15
1011	8
1012	8	11
1013	8	21
1014	10
1015	8	15
1016	8
1017	8
1018	8
1019	0	10
1020	2
1021	9
1022	10
1023	8	11
1024	1
1025	10
1026	8	15
1027	1
1028	8	21
1029	8
1030	8	11
1031	8	11
1032	10
1033	8	15
1034	9
1035	1
1036	10
1037	8
1038	1
911	8	15
1039	8	15
1040	8	21
1041	8	15
1042	10
1043	8
1044	10
1045	8	15
1046	9
1047	8
1048	8
1049	9
1050	8	15
1051	1
1052	8	15
1053	8	15
1054	8
1055	8	11
1056	10
1057	8	15
1058	1	8	11
1059	8
1060	8	15
1061	8	15
1062	10
1063	8
1064	9
1065	8	15
1066	8	11
1067	10
1070	10
1071	8
1072	1
1073	8	15
1075	1
1077	8	11
1078	10
1079	10
1080	8	15	21
1081	8	15
1082	8	15
1083	8	15
1084	8
1085	10
1086	8
1087	10
1088	8	15
1089	8	11
1090	10
1091	8
1093	10
1094	8
1095	4
1096	1
1097	8	15	21
1098	0	10
1099	8	15
1100	2
1101	8
1102	8	11
1103	8	15
1104	8	15
1105	1
1106	8	21
1108	10
1109	2
1110	1	8	11
1111	8	15
1112	8
567	2
1113	9
1114	10
1115	8	15
1116	8
1117	8	15
1118	8	11
1119	8
1120	10
1121	0
1122	8
1123	8	15
1124	9
1125	8
1126	1	8	11
1127	8	15
1128	8	15
1129	0	10
1130	8
1131	8
1132	10
1133	0	10
1134	8
1135	8	11
1136	8	21
1137	9
1138	10
1139	8
1140	8	15
1141	8	15
1142	8
1143	21
1144	1	8	11
1145	8
1146	0	10
1147	8
1148	0	10
1149	5
1150	8	15
1151	8
1152	8
1153	8	15
1154	8
1155	8	15
1156	8
1157	1	8	11
1076	3
1158	8	15
1159	8	15	21
1160	8
1161	10
1162	8
1163	8
1164	9
1165	10
1166	8	15
1167	8
1168	8
1169	8	15
1170	1
1171	8
1172	1
1173	10
1174	8
1175	8	11
1176	8	15	21
1177	10
1178	10
1179	8
1180	1	8	11
1181	8	11
1182	8	15
1183	0	10
1184	0	10
1185	8
1186	8
1187	9
1188	9
1189	20
1190	21
1191	1
1192	10
1193	8	15
1194	1	8	11
1195	8	15	21
1196	10
1197	8	15
1198	16
1199	10
1200	1	8	11
1201	8
1202	10
1203	1	8
1204	9
1205	10
1206	8	15
1207	9
1208	10
1209	1
1210	0
1211	8
1212	10
1213	6
788	7
1214	21
1215	8	15
1218	10
1219	9
1220	10
1221	8	15
1222	8	15
1223	8	15
1224	10
1225	0	10
1226	0
1227	4
1228	8
1229	8
1230	8	15
1231	8	15
1232	0
1233	9
1234	10
1235	8
1236	8	15
1238	8
1239	10
1240	10
1241	0	10
1242	21
1243	10
1244	8	15
1245	9
1246	10
1247	10
1248	9
1249	10
1250	8	15	21
1251	10
1252	1	8	11
1253	10
1254	8	15
1255	8	15
1256	8	15
1257	10
1258	9
1259	8
1260	8	15	21
1261	8	15
1262	8
1263	8	15	21
1264	10
1265	1
1266	8	15
1267	1	8	11
1268	14
1269	8	15
1270	16
1271	3
1272	4
1273	9
1274	9
1276	1	8	11
1277	10
1278	8	15
1279	10
1280	9
1281	8	15	21
1282	9
1283	10
1284	8
1285	8
1288	8
1289	8
1290	8	15
1291	0
1293	8	15
1294	8
1295	8	15
1296	20
1297	1	8
1298	1
1299	8
1302	10
1303	10
1304	9
1305	10
1306	8
1307	8	15
1308	0
1309	8	15
1310	8	15
1311	8	11
1312	8	15
1313	10
437	1
1314	9
1318	8	11
1319	8	15
1320	16
1321	8	15
1322	8	15
1323	8	15
1324	8
1325	2
1327	8
1328	0	10
1329	2
1332	8	15
1335	10
1336	10
1337	10
1338	10
1339	8
1341	10
1343	1
1346	8	15
1347	15	21
1348	8	15
1349	3
1350	8	15
1351	4
1352	8	15
1353	8
1354	9
1355	10
1356	8
1357	8	15
1358	1	8	11
1359	10
1360	8	11
1361	9
1362	10
1363	10
1365	10
678	1
1368	10
1369	8
1370	8	15
1371	8
1372	8
1373	8	15
1374	8
1375	8	11
1376	8	15
1377	9
1378	10
1379	8
1380	10
1381	8	15
1382	10
1383	3
1384	4
1385	9
1387	8	11
1388	10
1389	8
1390	10
1391	10
1392	8
1393	10
1394	8	15
1395	8	15
1397	8	15
1398	0	10
1399	6
1400	6
1401	8
1402	1
1403	0	10
1404	10
1405	15
1406	8
1407	8
1408	10
1409	8
1410	8	15
1411	9
1412	10
1413	8	15
1414	8	15
1415	2
1416	8
1417	8	15
1418	8	11
1419	8
1420	0	10
1421	1	8	11
1422	8
1423	21
1424	8	11
1425	8	15
1426	0
1427	8	15
1428	10
1429	8	15
1430	8	11
1431	8
1432	8	15
1436	8
1438	8	15
1439	10
1440	8	15
1441	9
1442	10
1443	8	15
1444	10
1445	8
1446	8
1447	0
1448	1
1449	8	15
1450	8
1451	8	15
1453	8
1454	6
1455	6
1456	8	15
1457	8	15
1458	3
1459	8
1461	10
1462	8
1463	8	11
1464	8	21
1465	10
1466	8	15
1467	10
1468	8	15	21
1469	3
1470	8
1471	8	15	21
1472	1	8	11
1473	10
1475	8	15
1476	8	11
1477	8	15
1478	8	15	21
1479	10
1482	10
734	2
1483	8	15
1484	8
1487	8	11
1488	8	15
1489	8
1490	10
1491	8
1492	10
1493	8
1494	8
1495	8	15
1496	10
1497	8	15
1498	8	15
1499	10
1485	9
1500	10
1501	8
1502	10
1505	8
1506	8
1507	8
1508	8	15
1509	8
1510	10
1511	16
1512	8
1513	10
1514	10
1515	8	15
1516	8	15
1480	9
1517	10
1518	1
1519	8
1520	8
1522	10
1523	8	15
1524	8
1525	20
1526	21
1527	8	15
1528	8
1529	10
1530	8
1531	6
1532	6
1533	8
1534	8	15	21
1535	10
1287	16
1536	21
1537	8
1538	8	15
1539	0
1540	10
1542	8
1543	1
1544	8
1546	8	9
1547	8
1548	8	15
1549	1
1550	1
1551	2
1552	0	10
1553	8	15
1554	8	15
1555	1
1556	1
1557	1	8
1558	0
1559	10
1560	10
1561	8	15	21
872	6
787	6
1563	2
1564	8	15
1565	8	15
1566	8
1567	8	15	21
1568	10
1569	8	15
1570	8
1571	0	10
1572	8	15	21
1573	8	15
1574	4
1575	8	15
1576	8	11
1577	8	15
1578	2
1579	1
1580	6
1581	9
1582	8
1583	8	15
1584	22	23
1585	23
1435	24
1586	1	8	11
1587	8	15
1588	4
1592	8
1593	8
1594	9
1595	10
1596	8
1597	10
1598	1	8
1599	10
1600	8	15
1601	10
1603	8
1606	8
1607	10
1608	6
1609	8	11
1610	8	15
1611	8	15
1612	10
1613	8	11
1614	8	15
1615	8
1618	8
1619	8
1620	8	15
1621	8	15
1622	8	15
1623	21
1624	6
1625	10
1626	8
1627	1	8	11
1629	8	15
1631	8	15
1632	8
1633	1
1634	8	15
1635	9
1636	1
1637	8
1638	1	8
1639	10
1640	8	15
1642	8	15
1643	16
1644	8	15
1645	8	15
1646	10
1647	16
1648	8
1649	8	15
1650	1
1651	10
1652	10
1653	10
1655	8
1656	9
1657	8	15
1658	8
1659	8	15	21
1661	0
1662	10
1663	8
1664	0
1665	10
1666	8	15	21
1667	10
1668	1
1669	2
1671	8
1672	10
1673	21
1674	0	10
1675	8
1676	8	15
1677	8	15	21
1678	8
1680	9
1681	8	15
1682	4
1683	10
1684	9
1685	8
1686	9
1687	10
1688	10
1689	21
1690	0	10
1691	8
1693	8
1694	10
1695	10
1697	8
1698	6
1699	8
1700	8	15	21
1702	1	8
1703	8
1704	10
1705	8
1706	21
1316	10
1707	10
1708	8	15
1709	10
1711	8
1712	1
1713	1
1714	8	15
1715	10
1718	8	11
1719	8
1720	9
1721	1
1722	2
1723	10
1724	8	15
1726	8	15
1728	10
1729	8	15
1730	8	15	21
1731	8	15
1732	8
698	3
1733	1	8
1735	8
1737	16
1738	8	15
1739	9
1740	10
1741	8	15
1742	2
1743	0
1744	15
1745	16
1746	8	15
1747	10
1748	0	10
1750	8	15
1751	1
1752	8
1753	1	8	11
1754	8	15
1755	10
1756	0	10
1757	2
1758	8
1759	8
1760	0
1761	10
1764	10
1765	8	15
1766	10
1767	10
1768	8	15
1770	10
1773	8	15
1774	1
1776	0
1779	1	8	11
1780	4
1781	8
1782	8	11
1783	9
1784	21
1785	10
1786	8	15
1787	8	15
1788	8
1789	3
1790	4
1791	8
1792	8	11
1793	10
1794	8	11
1795	10
1796	8
1797	8
1799	8	15
1800	10
1801	1
1802	8
1803	8
1804	10
1805	8	15	21
1806	8
1807	8	15
1808	10
1809	10
1810	10
1811	10
1813	22
1814	24
1815	10
1817	8	15
1819	10
1820	1
1823	6
1824	8	15
1825	4
1827	8
1828	3
1829	8
1830	8	15
1831	10
1832	8	15
1833	8
1834	10
1835	8
1836	8
1837	10
1838	10
1840	8	15
1841	8	15
1842	8	15
1843	8	15
1845	10
1846	8
1847	8	21
1848	8	15
1849	8
1850	1
1851	8
1852	3
1853	8
1854	21
1855	20
1856	21
1857	2
1858	8
1859	10
1861	10
1862	8	11
1863	10
1864	8	15
1865	10
1866	8	15
1868	10
1869	8
1870	9
1871	8	15	21
1872	4
1873	0	10
1874	10
1876	9
1877	15
1878	0	10
1879	8	15
1880	10
1884	1
1885	17	19
1886	18
1887	19
1888	10
1890	8	15
1891	10
1892	2
1893	8
1894	10
1895	0
1896	9
1897	0
1898	0	10
1899	8	11
1900	9
1901	10
1904	8	15
1905	8
1860	8	11
1906	8	15
1907	21
1909	8
1910	10
1911	10
1912	8
1913	1
1914	10
1916	8
1917	8	15
1918	8
1919	10
1920	8	15
1921	20
1922	21
1923	10
1924	21
1926	10
1929	10
1932	1
1933	8
1934	1
1935	8
1936	8	11
1937	8	15
1938	0
1939	8	15
1940	10
1941	8	15
1942	8
1943	8
1944	8	15
1945	12
1946	8	15
1948	8	11
1949	8	15
1950	10
1951	8	15
1954	10
1955	8	15
1958	8	21
1959	10
1960	8
1964	8
1965	0
1966	8	15
1967	1
1968	8
1969	8	15
1971	8	15
1972	0	10
1975	10
1976	8	15	21
1978	0	10
1979	8
623	8	11
1981	8
1984	10
1986	10
1987	8	15
1988	10
1989	10
1990	8
1991	10
1992	24
1993	4
1994	4
1995	20
1996	2
1997	21
1998	10
1999	8	15
2004	0	10
2005	4
2006	10
2007	8
2008	8
2009	10
2010	8
2011	21
2012	0	10
2013	8	15
2014	0
2015	10
2016	8	15
2017	8	11
2020	10
2021	8
2022	8
2023	21
2024	8
2025	8	15
2026	9
2027	10
2028	10
2029	1	8	11
2031	3
2032	10
2033	0
2034	8
2035	10
2036	8
2037	10
2038	0	2
2039	8	15
2041	4
2042	8	15
2043	9
2044	1
2045	6
2046	10
1962	9
2047	8	15
2048	10
2049	12
1591	13
2051	10
1839	10
2052	8	15
2053	10
613	2
2057	8	15	21
2058	8	11
2059	10
2062	10
2063	8	15
2064	1
2065	0
2066	2
2067	10
2072	8
2073	10
2074	8	15
2075	8	15
2078	10
2079	10
2080	10
2081	10
2082	10
2083	8	15	21
2085	8	15
1716	3
2086	21
2087	8
2088	21
2089	10
2091	10
2092	8
2093	8
2094	8
2096	8
2098	8
2099	16
2100	8
2101	8
2102	8	15
2103	16
2108	1
2109	2
2110	10
2111	1
2112	10
2115	4
2116	21
2117	10
2119	10
2122	1
2123	8
2124	22
2125	8
2126	0
2127	21
2128	8	15
2129	8
2130	8
2131	20
2132	21
2133	10
2134	8
2136	10
2137	10
2138	8
2139	8	15
2142	8	15
2143	10
2145	10
2147	4
2148	0
2149	4
2150	8
2151	10
2152	0
2153	10
2155	16
2156	8
2157	8
2159	0	10
2160	8	15
2161	8	15	21
2164	9
2165	8	15
2166	10
2167	4
2168	8
2169	10
2170	10
2171	8	15
2174	8
2175	8	15
2177	10
2178	8	15
2181	9
2182	8	10
2184	3
2185	0
2186	8
2187	10
2188	10
2189	20
2191	10
2192	10
2193	0	10
2196	8
2197	21
2198	8	21
2199	0	10
2200	1
2201	8	15	21
2202	15
2203	6
2204	6
2205	9
2206	10
2207	20
2208	21
2209	3
2210	21
2212	8	15
2215	16
2216	16
2217	16
2220	8
2221	8
2222	3
2223	0	10
2224	0	10
2226	0
2227	21
2229	10
2231	10
2232	10
2234	0
2235	1
2237	8	15
2238	8	15
2240	10
2242	10
2244	4
2245	10
2246	10
2247	22
2248	23
2249	24
2250	8
2251	8
2252	10
2254	1
2255	0
2256	8
2257	6
2258	8	15
2259	1
2260	10
2261	8	15
2262	21
2265	8
2266	8	11
2267	10
2269	10
2270	0	10
2271	10
2272	10
2273	8	21
2274	23
2276	10
2279	10
2280	10
2281	8	11
2282	16
2283	10
2285	10
2286	8
2287	8	15
2288	10
2289	4
2291	10
2292	10
2293	10
2294	8
2295	10
2296	8
2297	10
2298	10
2299	1
2300	1
2301	10
863	9
2302	10
1434	23
2305	8
2306	4
2307	8	11
2309	8	15
2310	6
2311	1
2312	21
2313	22
2314	8	15
2315	21
2316	8
2319	8	15
2323	10
2324	15	21
2326	10
2327	10
2329	10
2330	0	10
2331	10
2332	22
2333	23
2334	10
2335	10
2336	8
2338	0
2340	10
2341	3
2343	10
2344	10
2345	0
2346	1
2347	10
2349	10
2350	9
2351	10
2352	21
2353	10
2355	8	15
2356	21
2357	9
2358	8	15
2359	21
2361	4
2362	10
2365	10
2366	21
2367	4
2368	8	15
2370	0
2372	4
2374	6
2375	8
2376	1	8	11
2379	21
2380	10
2382	21
2383	10
2385	8
2386	10
2387	12
2388	12
2390	21
2391	21
2392	12
2394	8
2395	10
2396	15
1331	10
2398	10
2399	6
2400	10
2401	10
1771	9
2403	10
2406	10
2408	10
2409	10
2413	1
2414	10
2416	4
1928	10
2417	8
2418	21
2419	0
2421	10
2422	21
2423	0
2426	10
2428	8
2429	21
2430	0
2431	10
2432	10
2433	10
2434	10
2435	10
2436	18	21
2437	10
2438	8	21
2440	8
2441	8	15	21
2442	16
2443	8	15
2444	0	10
2445	10
2448	12
2449	12
2450	21
2451	10
2452	21
2371	20
2453	21
2454	10
2455	1
2456	10
2457	21
2459	21
2461	10
2462	21
2463	10
2464	10
2465	10
2466	1
2467	3
2468	21
2472	1
2473	2
2474	8
2476	10
2477	10
2478	10
2479	10
2480	4
2482	21
2484	8	15
2485	10
2488	10
2491	3
2492	1
2493	16
2494	21
2496	18	21
2498	10
2501	10
2503	21
2504	0	10
2505	10
2506	10
2507	10
2508	8
2510	8	15
2512	20
2515	9
2516	21
2518	14
2519	16
2520	8
2521	10
2522	3
2525	10
2527	8	15	21
2529	10
2530	10
2532	15
2533	21
2534	3
2535	10
2536	10
2537	15
2538	10
2539	10
2540	15	21
2541	10
2542	3
2543	10
2544	8	15
2545	1	8	11
2546	8
2547	10
2549	10
2550	8
2552	8
2553	10
2554	8	15
2555	10
2556	10
2557	21
2558	10
2559	12
1956	12
2562	0
2563	1
2564	10
2565	10
2566	10
2567	8
2568	10
2570	1
2572	10
2574	21
2576	20
2577	10
2578	10
2579	0
2580	10
2581	21
2582	10
2584	10
2585	10
2587	10
2588	10
2589	0
2590	12
2591	10
2593	10
2594	10
2595	3
1973	17
2596	19
2597	10
2598	10
2600	8	15
2601	21
2602	6
2603	10
2604	10
2605	10
2606	10
2607	21
2608	10
2609	8	15
2612	21
2613	1
2614	0
2616	10
2571	12
2619	10
2620	10
2621	21
2622	8
2623	10
2626	0
2627	10
2628	21
2629	0
2631	10
2632	10
2633	0
2634	15
2636	21
2637	10
2639	8	15
2640	10
2641	8
2642	1
2644	10
2646	1
2647	18
2648	19
2649	10
2650	10
2652	10
2653	10
2654	10
2655	10
2656	0
2657	10
2658	1
2660	8
2662	10
2663	10
2665	8
2666	15	21
2667	21
2668	8	15
2669	21
2114	8	15	21
2670	21
2523	12
2671	21
2672	10
2673	0
2674	21
2675	10
2676	8	15
2677	8
2679	10
2681	0	10
2682	10
2683	8	15
2684	8
2685	1
2686	10
2687	8	15	21
2688	4
2689	1	8
2691	4
2692	10
2693	0
2694	10
2695	1
2696	10
2697	10
2698	10
2699	10
2700	21
2701	18
2702	19
2703	1
2704	1
2615	6
2705	21
2706	10
2707	10
2708	0
2709	10
2712	8	15
2713	10
2000	12
1930	12
2716	8
2717	10
2718	1
2719	8	15
2720	10
2723	10
2726	10
2727	10
2729	21
2730	10
2731	8	15
2733	10
2735	10
2736	0
2737	12
2738	12
2739	10
2740	15
2742	0
2743	10
2744	10
2746	10
2747	8	15
2748	10
2749	10
2750	10
2752	21
2753	10
2754	8	21
2755	10
2756	10
2758	10
2759	8
2761	10
2763	8	15
2765	15
2766	21
2767	21
2768	10
2769	10
2771	10
2772	21
2773	8	21
2774	10
2776	14
2777	16
2778	3
2779	8	15
2781	21
1983	4
2782	4
2783	10
2784	10
2785	8
2786	10
2787	10
2790	21
2791	10
2792	0
2793	10
2794	10
2796	0
2797	10
2799	12
2800	10
2801	22
2802	8
2803	10
2381	23
2805	21
2809	0	10
2810	10
2811	10
2812	10
2813	10
2814	4
2815	8	15
2816	10
2817	10
2818	10
2819	0
2820	21
2821	10
2822	10
2823	0
2824	8	15
2825	0
2826	10
2827	10
2829	10
2830	10
2831	10
2832	4
2725	8
2833	15
2834	21
1734	10
2835	10
2836	15	21
2838	21
2839	21
2841	19
2843	21
2844	6
2845	0
2846	10
2850	15
2851	8
2852	21
2853	21
2854	0
2855	21
2856	10
2857	21
2858	10
2860	21
2861	10
2865	0
2364	22
2611	22	23
2869	21
2872	10
2873	6
2877	21
2878	10
2879	0
2882	10
2883	21
2885	0
2886	21
2887	10
2888	21
2891	18
2893	10
2894	10
2895	8
2896	10
2897	10
2901	10
2902	10
2904	8	15
2905	10
2906	10
2907	8	15
2910	21
2911	12
2141	10
2912	10
2915	10
2916	21
2917	21
2918	21
2264	8	15
2920	10
2921	8
2922	10
2924	18
2925	10
2926	10
2875	12
2931	21
2932	10
1344	3
2935	10
2936	10
2937	10
2938	10
2941	21
2944	10
2945	10
2946	21
2947	8
2948	10
2949	10
2950	21
2951	21
2954	10
2955	15
2956	10
2957	10
2960	21
2961	10
2962	10
2963	10
2964	15	21
2965	21
2967	10
2968	21
2969	10
2970	10
2971	10
2940	4
2972	21
2973	0
2974	10
2975	10
2976	10
2977	10
2978	10
2979	10
2980	0
2981	10
2982	21
2983	22
2984	23
2470	20
2985	15	21
2986	10
2988	18
2989	10
2990	8
2991	22
2992	21
2993	10
2997	10
2998	10
2999	10
3002	21
3003	0
3004	10
3005	10
3006	10
3007	0	10
3008	18
3009	10
3011	21
3012	10
3013	8
3014	15
3015	10
3016	9
3017	21
3018	10
3019	18
3020	10
3021	10
3023	10
3024	0	10
3025	10
3026	10
3027	0	10
3028	8
3029	8
3030	15
3031	10
3033	21
3034	10
3036	10
3038	21
3039	10
3041	21
3042	10
3043	21
3044	10
3045	1
3046	21
3048	21
3049	10
3050	10
3051	21
3052	10
3053	10
3054	21
3055	10
3057	21
3059	10
3060	21
3061	10
3062	8
3063	8
3065	10
3066	21
3067	1	8
3068	21
3069	21
3070	8
3072	18
3073	19
3074	0
3076	10
3077	21
3079	10
3080	8	11
3081	21
3082	21
3084	10
3085	10
2411	6
3086	10
3087	10
3088	6
3089	8	15
3090	10
3091	10
3092	21
3095	10
3098	10
3099	21
3100	2
3101	21
3102	8	15
3103	10
3104	21
3105	8	16
3106	0
3107	10
3109	10
3112	21
3113	10
3115	21
3116	10
3117	10
3118	10
3119	21
3120	18	21
3122	21
3125	10
3126	10
3127	21
3128	10
2889	21
3130	19
3131	10
3132	10
3134	10
3135	21
3136	18
3137	21
3139	10
3140	15
3141	15	21
3143	21
3144	21
3145	10
3146	10
3148	21
3149	20
2071	10
3152	10
3153	10
3154	10
3155	21
3156	10
3157	8	15
3158	10
3159	0
3161	0	10
3163	21
3164	10
3166	10
3168	21
3169	21
3172	6
3173	0
3174	10
3175	10
3177	10
3178	10
3179	10
3180	21
3182	10
3183	10
3184	10
3187	10
3188	15
3189	10
3190	10
3191	21
3192	21
3194	10
3195	21
3196	21
3197	21
3198	21
3199	1
3200	10
3201	10
3202	10
3203	21
3204	10
3205	10
3206	6
3207	21
3208	21
3209	21
3211	1	19
3213	1
3214	8	15
3215	10
3216	10
3217	10
3218	21
3219	8
3220	21
3221	21
3224	21
3225	10
3226	21
3227	10
3228	21
3229	0
3230	1
3232	21
3233	21
3238	18
3240	10
3241	10
3242	10
3243	21
3244	21
3245	21
3247	21
3248	21
3249	21
3250	21
3251	10
3252	10
3253	9
3254	0
3255	10
3256	4
3257	10
3260	21
3261	1
3262	10
3263	21
3264	10
3265	10
3267	21
3268	10
3269	21
3270	10
3271	16
3272	10
3273	21
3274	15
3276	10
3278	1
3279	10
3280	10
2788	18
3281	19
3282	1
3283	10
3285	6
3286	8
3289	15
3290	21
3210	18
3293	10
3294	1
3295	10
3296	10
3297	21
3299	21
3300	10
3302	21
3303	10
3305	10
3306	21
3307	10
3308	21
3309	10
3310	10
3312	10
3313	21
3314	18	21
3315	10
3316	21
3317	10
3318	10
3322	10
3323	10
3324	21
3325	21
3326	21
3328	0
3330	10
3331	10
3332	21
3333	10
3334	1
3335	21
3337	21
3339	10
3340	10
3341	10
3342	10
3343	21
3344	21
3345	15
3138	10
3346	21
3347	21
3348	0	10
3349	21
3350	10
3353	21
3354	10
3356	21
3358	21
3359	21
3360	21
3361	15
3362	6
3365	21
3366	10
3367	10
3369	0
3370	10
3371	10
3372	21
3374	10
3376	10
3380	8	15
3381	8	15
3383	21
3384	10
3385	1
3386	21
3388	21
3389	10
3390	10
3391	10
3298	10
3393	21
3394	21
3396	21
3399	10
3400	10
3401	21
3402	10
3403	10
3405	21
3406	21
3407	21
3408	21
3411	1
3412	0	10
3413	10
3414	21
3415	8
3416	10
3418	21
3419	1
3423	21
3424	8	15
3425	21
3427	21
3428	0	10
3429	15
3431	10
3432	10
3434	10
3435	21
3436	10
3437	21
3439	10
3440	10
3441	21
3442	10
3443	0
3444	10
3445	15	21
3448	10
3449	10
2490	21
3450	8
3451	10
3452	21
3453	10
3454	10
3455	21
3458	6
3459	21
3460	6
3461	1
3462	21
3463	21
3465	10
3467	10
3468	10
3469	21
3471	0
3472	10
3473	10
3474	9
3475	10
3329	21
3477	21
3478	21
3479	21
3480	21
3482	10
3483	10
3022	12
3484	10
3485	21
3486	21
3487	10
3488	18
3490	10
3492	10
3495	21
3496	10
3498	6
3499	10
3500	21
3501	21
3503	21
3504	10
3505	10
3506	10
3507	1
3508	8	15
3509	1
3510	21
3511	10
3512	10
3514	21
3516	6
3517	10
3518	10
3519	21
3520	10
3523	10
3524	21
3526	10
3527	10
3528	10
3529	10
3530	10
3531	21
3532	21
3533	10
3534	10
3535	21
3537	10
3538	18
3539	10
3540	21
3541	10
3542	10
3544	21
3545	21
3546	21
3547	10
3549	10
3550	21
3551	21
3552	10
3553	18	21
3555	15
3556	21
3557	10
3558	15
3560	21
3561	21
3562	21
3563	10
3564	10
3565	1	8
3567	8	15	21
3568	21
3570	0
3571	10
3572	10
3573	0
3575	21
3578	10
3580	21
3581	10
3582	10
3430	18	19
3584	21
3585	21
3222	18
3586	21
3587	10
3588	10
3589	10
3590	10
3591	0
3592	0
3593	21
3595	15
3596	10
3554	10
3598	21
3600	21
3601	10
3602	23
3603	10
3604	18	21
3605	21
3607	2
3608	21
3609	21
3610	21
3611	21
3612	10
3613	21
3614	10
3615	8
3379	8
3616	21
3618	10
3619	21
3291	18
3621	16
3622	21
3623	21
3624	10
3625	10
3626	21
3628	21
3629	15
3631	21
3632	21
3633	21
3634	21
3635	21
3636	4
3637	10
3638	10
3639	21
3640	21
3642	0	10
3643	19
3644	21
3645	21
3648	10
3649	21
3651	21
3652	10
3653	6
3654	21
3655	21
3656	15
3659	18
3663	21
3664	21
3665	21
3667	21
3669	21
3670	21
3672	1
3673	10
3675	21
3677	6
3678	21
3679	10
3680	10
3681	10
3683	10
3684	21
3685	10
3686	10
3687	0
3688	10
3690	21
3691	21
3692	10
3693	21
3694	9
3695	10
3696	21
3697	21
3698	15
3699	21
3701	21
3702	18
3703	6
3704	6
3705	21
3706	21
3708	21
3522	18
3709	10
3710	21
3711	21
3712	10
3713	15
3715	16
3716	10
3717	16
3513	21
3719	10
3720	10
3722	10
3723	21
3724	15
3725	1
3726	21
3727	21
3728	10
3729	21
3731	21
3732	21
3733	21
3735	1
3738	10
3739	10
3740	10
3741	10
3742	10
3744	10
3745	18
3747	15
3748	6
3749	10
3752	15
3579	18
3754	0
3757	15
3759	16
3761	16
3762	1
3763	15
3764	10
3765	15
3766	6
3767	0
3768	10
3756	19
3774	10
3776	0
3777	8
3778	15
3780	16
3782	0
59	21
109	10
188	0	10
226	10
293	10
363	15	21
404	20
405	21
423	8
436	0
447	21
479	3
487	8
500	10
507	10
520	8	15
538	10
568	8	21
585	10
608	1
612	0
614	1
621	10
622	8
628	8
653	10
665	8
670	0
677	0
685	8	15
699	4
710	10
733	20
735	21
760	4
783	10
786	6
825	10
848	10
864	10
873	6
893	10
912	16
920	8	15
953	1
963	0
1068	8	21
1069	1	8
1074	1
1092	10
1107	21
1216	8
1217	8
1237	1
1275	10
1286	15	21
1292	10
1300	10
1301	21
1315	8	11
1317	8
1326	8
1330	8
1333	1
1334	8
1340	1
1342	10
1345	4
1364	10
1366	9
1367	10
1386	0	10
1396	10
1433	22	23
1437	6
1452	1
1460	21
1474	10
1481	10
1486	10
1503	9
1504	10
1521	0
1541	10
1545	10
1562	0
1589	12
1590	12
1602	10
1604	8	15
1605	1
1616	8
1617	10
1628	0
1630	8	21
1641	1	8	11
1654	10
1660	10
1670	10
1679	8
1692	10
1696	8	11
1701	8
1710	8
1717	4
1725	8	15
1727	3
1736	0	10
1749	2
1762	10
1763	10
1769	10
1772	10
1775	3
1777	8	15
1778	10
1798	0
1812	8	15
1816	1
1818	10
1821	10
1822	10
1826	0	10
1844	12
1867	8	21
1875	10
1881	10
1882	10
1883	21
1889	10
1902	21
1903	10
1908	10
1915	1	8
1925	10
1927	8
1931	15
1947	0	10
1952	8
1953	8	11
1957	12
1961	0
1963	10
1970	16
1974	18	19
1977	1	8
1980	8	15
1982	0
1985	10
2001	12
2002	8	15
2003	8
2018	21
2019	10
2030	3
2040	8
2050	8	15
2054	10
2055	4
2056	8	15
2060	6
2061	21
2068	10
2069	8
2070	9
2076	6
2077	6
2084	10
2090	1
2095	21
2097	21
2104	10
2105	10
2106	20
2107	0
2113	20
2118	10
2120	3
2121	0	10
2135	8
2140	9
2144	21
2146	10
2154	10
2158	10
2162	10
2163	18	21
2172	15	21
2173	10
2176	10
2179	8
2180	16
2183	10
2190	21
2194	0
2195	6
2211	10
2213	10
2214	1
2218	8	15
2219	16
2225	4
2228	8
2230	10
2233	10
2236	10
2239	0
2241	6
2243	8	15
2253	10
2263	22
2268	8	15
2275	0
2277	20
2278	10
2284	2
2290	8	15
2303	6
2304	6
2308	21
2317	10
2318	0
2320	10
2321	0
2322	0
2325	10
2328	8	15
2337	10
2339	8	15
2342	8	15
2348	8	15
2354	21
2360	10
2363	0
2369	10
2373	21
2377	10
2378	10
2384	10
2389	10
2393	0	10
2397	1
2402	18	21
2404	10
2405	15	21
2407	10
2410	6
2412	1
2415	10
2420	10
2424	10
2425	8
2427	3
2439	8
2446	0
2447	21
2458	0
2460	10
2469	1
2471	21
2475	10
2481	10
2483	8
2486	20
2487	8
2489	20
2495	10
2497	8	15
2499	1
2500	10
2502	21
2509	10
2511	1
2513	21
2514	21
2517	10
2524	12
2526	0
2528	21
2531	21
2548	21
2551	10
2560	10
2561	10
2569	8
2573	10
2575	10
2583	8
2586	21
2592	6
2599	8	15
2610	22
2617	10
2618	18	21
2624	10
2625	10
2630	21
2635	1
2638	10
2643	10
2645	9
2651	8	15
2659	18
2661	10
2664	3
2678	21
2680	21
2690	3
2710	21
2711	10
2714	8
2715	8
2721	20
2722	10
2724	10
2728	9
2732	8	15
2734	10
2741	10
2745	21
2751	10
2757	8
2760	18	21
2762	1
2764	10
2770	10
2775	12
2780	21
2789	19
2795	21
2798	21
2804	10
2806	20
2807	10
2808	1
2828	0	10
2837	10
2840	10
2842	21
2847	21
2848	21
2849	21
2859	10
2862	10
2863	21
2864	9
2866	15
2867	10
2868	10
2870	21
2871	21
2874	15	21
2876	21
2880	8
2881	21
2884	10
2890	0	10
2892	21
2898	10
2899	1
2900	10
2903	21
2908	8	15
2909	21
2913	0
2914	12
2919	10
2923	21
2927	10
2928	21
2929	10
2930	21
2933	21
2934	6
2939	21
2942	21
2943	10
2952	21
2953	10
2958	0
2959	21
2966	10
2987	21
2994	21
2995	10
2996	10
3000	15
3001	1
3010	8
3032	21
3035	21
3037	10
3040	10
3047	21
3056	2
3058	21
3064	21
3071	10
3075	12
3078	22
3083	10
3093	21
3094	18	21
3096	10
3097	10
3108	10
3110	10
3111	0
3114	0
3121	18	19
3123	10
3124	21
3129	10
3133	21
3142	10
3147	21
3150	1
3151	21
3160	21
3162	10
3165	21
3167	0
3170	21
3171	10
3176	21
3181	10
3185	21
3186	10
3193	10
3212	1
3223	19
3231	10
3234	0
3235	21
3236	10
3237	21
3239	10
3246	21
3258	10
3259	10
3266	10
3275	21
3277	0
3284	21
3287	21
3288	21
3292	9
3301	10
3304	21
3311	10
3319	21
3320	0
3321	21
3327	21
3336	1
3338	10
3351	21
3352	21
3355	21
3357	10
3363	21
3364	10
3368	21
3373	8	15
3375	21
3377	21
3378	10
3382	21
3387	10
3392	10
3395	10
3397	21
3398	21
3404	21
3409	10
3410	10
3417	21
3420	21
3421	10
3422	21
3426	21
3433	21
3438	21
3446	21
3447	18
3456	21
3457	21
3464	0
3466	10
3470	21
3476	10
3481	21
3489	21
3491	21
3493	21
3494	10
3497	21
3502	21
3515	10
3521	10
3525	21
3536	10
3543	21
3548	21
3559	21
3566	21
3569	21
3574	10
3576	10
3577	21
3583	0
3594	10
3597	21
3599	21
3606	19
3617	21
3620	10
3627	21
3630	21
3641	21
3646	0
3647	21
3650	21
3657	21
3658	21
3660	21
3661	21
3662	21
3666	21
3668	21
3671	21
3674	21
3676	15	21
3682	21
3689	21
3700	21
3707	10
3714	21
3718	21
3721	21
3730	21
3734	21
3736	21
3737	21
3743	10
3746	21
3750	21
3751	21
3753	21
3755	21
3758	21
3760	21
3769	21
3770	21
3771	21
3772	21
3773	21
3775	21
3779	21
3781	21
