2	270	44	271
8	157	1261	396
1	465	52	47
8	390	563	91
1	598	65	243
1	1954	65	1955
7	1085	33	3211
14	2039	2071	2072
3	1331	1332	2151	534
7	1900	238	2725
4	91	20	2506
1	2204	52	53
6	77	147
8	35	1261	42
3	336	337	338	339
11	1107	1135	1136	1137
13	1121	3407	3100
8	155	563	159
8	177	2506	169
8	48	1026	669
16	2371	1276	1463
1	465	5	9
2	2789	44	1828
14	2237	1557	2352
4	842	20	1535
8	273	2506	169
8	22	735	299
2	29	44	1448
8	1164	1830	443
2	2146	44	1448
10	328	327	328	3275
10	328	327	328	126
25	1350	1351	1352
1	954	8	9
4	19	20	2914
29	0	1523	1218	1525
3	1331	1332	1356	534
8	151	964	241
1	1685	65	150
3	1331	1332	2189	534
8	1408	1231	136
3	2344	2345	2346	590
8	89	1231	136
25	2456	1351	1352
10	3274	124	3274	3338
14	2081	2071	2072
1	2613	65	9
4	198	20	993
3	1766	1767	1768	1137
18	557	221	558	223
8	22	993	91
1	781	65	150
14	2833	2071	2072
1	465	8	47
18	1231	221	136	1232
1	2204	65	53
1	2191	52	47
1	780	5	53
8	151	2239	296
3	587	588	589	590
4	842	20	1903
10	3274	124	3274	3275
8	447	1215	1281
8	310	814	521
2	92	44	1036
1	149	52	47
8	390	2239	296
6	27	1492
3	2684	2685	2686	678
1	149	65	9
8	185	814	60
1	2132	5	53
2	1466	44	1251
3	675	676	677	678
1	1650	52	70
1	2906	8	11
25	1403	334	335
15	187	1804	1805	1806
2	301	44	350
2	3295	44	462
3	1331	1332	1333	534
1	2374	8	243
3	897	898	899	900
3	897	898	1774	900
4	209	20	964
6	365	1084
7	1900	344	2312
1	967	1032	53
13	1121	2527	1122
4	234	20	735
8	447	448	449
2	1630	183	3219
8	294	1822	50
2	523	44	2509
6	27	147
3	888	889	3197	891
7	1900	2047	2048
25	1595	334	335
3	2075	2076	1527	891
4	1805	108	3202
4	1263	20	1961
2	979	13	184
1	721	65	9
0	0	1523	1524	1525
2	461	44	462
0	0	1570	1848	2747
1	1650	5	53
6	133	1492
2	671	183	1630
1	1362	65	47
8	273	735	299
3	737	738	739	88
8	1934	1830	443
14	925	961	637
1	721	8	9
8	40	1822	136
2	350	44	660
8	157	1433	37
3	897	898	1074	900
1	2906	52	243
6	1491	1492
1	149	5	150
3	1766	1767	2855	1137
10	945	917	945	946
0	0	1523	775	1525
1	2613	8	150
10	3423	1063	3418	3424
8	194	1830	68
8	294	1261	396
3	897	898	1511	900
10	822	317	822	1857
4	842	20	843
10	318	317	822	823
1	781	52	47
8	516	1231	136
8	166	814	296
3	888	889	1203	891
8	447	814	299
8	185	1433	37
1	465	65	9
18	220	221	222	223
2	93	44	535
8	733	1215	615
1	1954	65	53
5	185	1464	1078	1465
2	1828	44	1401
16	2371	3264	313
1	2191	8	150
10	945	917	945	2701
1	2204	5	47
2	2107	44	462
1	2639	5	11
1	149	52	9
1	781	5	9
14	2237	549	550
0	0	1570	1848	1572
1	2639	52	53
5	447	2506	169	199
8	294	1215	136
7	1085	308	3446
3	897	898	2530	900
3	336	337	2129	339
8	868	2152	234
8	151	640	159
8	294	640	68
10	420	421	422	423
2	218	44	219
1	351	65	47
8	1939	1830	443
1	2906	65	243
2	911	44	1828
4	842	20	1116
1	351	8	9
1	2906	52	11
10	945	917	2172	2173
1	1685	52	9
25	1941	1942	335
3	2649	2650	2651	113
1	780	65	53
2	219	44	578
7	1900	344	2453
4	159	20	2506
3	1602	1603	2238	1605
10	326	327	328	659
3	87	2799	2334	88
18	2839	1627	19	223
8	310	1261	42
2	1885	44	219
2	1219	44	1220
1	149	65	47
4	1263	20	1264
3	1602	1603	3162	1605
0	0	1049	2116	1051
3	888	889	890	891
3	737	738	2017	88
1	351	52	47
8	22	993	1281
1	967	8	70
6	162	147
1	1954	5	1955
4	19	20	1534
2	1334	44	1448
8	390	814	619
3	897	898	2751	900
1	598	5	11
4	1263	20	2909
1	1954	8	243
8	627	640	159
4	169	20	1026
1	1947	5	47
8	166	563	159
3	110	111	112	113
10	1612	317	822	1254
8	229	1822	136
3	1602	1603	3372	1605
2	1220	44	347
1	598	65	2579
7	1900	1522	1901
3	888	889	1527	891
8	585	563	159
3	110	111	2920	113
8	157	1026	498
2	384	44	1943
25	2027	334	335
1	2613	65	47
3	87	2799	739	88
8	330	1026	159
1	2906	8	243
2	1630	44	674
2	1448	44	269
8	273	964	116
3	888	889	1441	891
1	967	65	53
2	92	44	93
8	294	2239	296
0	0	1847	1848	1849
1	781	8	47
18	3233	3234	1263	376
1	1947	65	47
2	2900	44	1448
2	349	44	350
4	19	20	1918
14	925	926	132
6	133	1084
1	598	1032	2579
0	0	1049	1317	1051
1	2639	65	11
1	954	65	47
13	1121	128	1122
8	185	735	299
8	185	964	521
3	110	111	3153	113
1	1947	8	47
18	1961	2154	1263	1101
25	1397	1351	1352
1	1685	8	47
2	913	44	2404
10	1062	1063	3418	3419
4	19	20	2905
2	1028	44	1036
5	733	1464	1078	1465
0	0	1049	1050	1051
9	54	1399	1400
2	522	44	523
3	681	682	683	684
1	2132	8	150
2	523	1670	1334
14	925	977	978
3	737	738	2940	88
3	2075	2076	1441	891
1	598	65	11
8	35	2152	283
1	1954	8	1955
2	350	268	269
8	868	2668	136
8	551	1215	116
3	1602	1603	1604	1605
8	157	640	449
1	1362	52	9
6	1083	1084
1	465	5	150
2	1629	44	1630
2	1250	44	1251
0	0	1523	566	1525
1	967	52	53
0	0	1049	2907	1051
1	351	52	150
9	1398	1399	1400
8	155	2668	91
3	1602	1603	2966	1605
1	2374	8	11
8	733	448	669
2	386	44	1220
1	954	65	9
1	1947	65	9
1	780	52	53
0	0	1570	1848	2692
10	326	327	328	329
3	737	738	2688	88
4	19	20	21
3	3321	3322	677	678
8	157	1822	50
25	333	334	335
18	511	221	38	512
7	1085	1086	1087
18	448	2534	68	537
8	185	1215	615
