3	2510	2511	555	534
1	1193	5	150
14	2833	636	637
2	1554	44	1657
1	1788	65	11
2	4098	44	2285
8	545	3086	296
8	297	969	116
8	742	1660	234
7	3174	308	3176
1	4142	52	53
2	1867	44	384
1	1246	65	47
8	177	716	241
18	724	2405	136	2406
15	179	4672	2984	1023
1	863	65	9
2	267	44	1841
0	0	3773	3076	3077
8	1423	3394	103
1	1838	8	11
7	411	412	413
21	4245	4245	277
6	4397	4234
9	344	4260	4261
1	1360	8	9
8	212	1129	234
2	1296	183	4126
8	425	2230	42
1	3236	65	9
8	310	520	521
14	4495	3862	3863
15	143	3362	145	1705
8	1233	2885	24
2	1047	44	1048
8	273	3373	68
1	1964	52	9
6	1491	4289
8	733	2706	60
15	179	1253	1254	1255
4	356	20	357
24	1963	1551	1552	2916
6	162	28
8	166	1379	136
8	390	1891	50
2	1047	183	378
8	114	791	521
1	2587	5	1955
8	155	2387	159
3	1745	1746	1747	1691
1	2251	65	9
1	3224	65	53
8	545	2194	42
1	1648	52	9
8	627	1446	521
2	383	183	872
15	143	1091	894	1006
8	1233	442	42
8	166	2576	241
8	114	3781	299
8	425	3567	669
9	2031	4489	4490
1	1291	52	47
8	229	4162	50
1	1775	52	11
24	176	1580	4435	4436
8	516	1613	283
8	416	1090	669
8	40	841	615
5	390	1891	50	1355
19	4429	227	228
7	2889	33	2409
3	4062	4063	2386	861
8	177	862	521
8	330	3319	91
3	2935	2936	1690	1691
1	597	65	9
8	89	543	42
7	751	238	753
4	296	20	4486
8	35	230	299
20	593	3801	99
2	1554	44	45
25	1923	3966	1924
1	474	52	9
8	279	1484	37
16	984	985	313
8	733	862	234
3	137	138	3265	140
6	3158	4630
2	707	44	865
20	702	1797	704
8	742	1316	498
3	1095	1096	3792	1098
8	416	617	296
10	785	786	785	787
1	1555	5	53
2	1836	44	1960
1	3177	65	53
19	4120	227	228
1	1053	52	70
15	187	4272	4273	1160
8	141	1424	103
4	399	108	3596
1	2252	5	53
1	2078	5	150
8	35	266	103
19	2178	1020	228
1	3354	52	47
1	46	65	53
21	2337	2338	277
1	306	5	53
2	3436	44	76
8	516	2194	24
6	1491	2375
2	385	183	3219
3	2811	2812	2813	173
15	179	3980	1286	258
2	1699	44	437
3	4047	4048	4049	4050
1	2924	8	47
1	474	8	9
15	187	4519	4520	1377
8	157	1089	68
1	1648	52	47
1	526	8	9
8	310	1379	136
14	2208	961	637
2	882	44	1009
3	850	851	852	693
8	627	1677	498
8	733	197	198
15	179	3187	3188	2247
8	390	1354	37
6	365	366
0	0	2065	847	1859
8	1536	599	234
1	1948	52	70
1	1008	65	9
8	114	613	159
8	177	1174	615
3	1267	1268	4500	1270
10	1587	1588	1587	1589
1	2924	52	150
19	4518	1367	1368
8	279	332	42
15	187	2695	2037	248
2	1662	44	2281
4	37	20	3171
1	782	8	9
2	269	653	288
8	1233	1693	521
4	2322	20	2657
4	1022	650	1577
1	1615	65	9
18	1995	3878	136	3879
2	2901	183	2299
1	601	52	53
9	54	3783	3784
14	3471	2065	2207
15	187	3929	3930	1806
8	101	2306	42
2	1395	44	1647
8	155	2463	355
8	551	3335	1078
8	155	2918	521
8	114	3057	283
24	757	286	2690	2691
18	1800	1801	94	376
7	459	3093	3094
2	1349	44	535
8	212	2729	24
15	187	1673	935	245
3	1793	1794	1795	1796
5	166	767	91	199
15	179	4423	4424	1377
29	0	631	829	830
1	736	5	150
8	390	2457	615
8	390	2348	37
2	1809	13	931
8	114	2910	42
8	48	1102	68
15	143	3598	2210	1160
5	1934	2067	234	104
1	320	8	9
2	1027	44	1028
7	2518	1086	1591
1	320	65	47
7	2911	4752	2912
8	733	158	521
16	435	1477	1463
7	518	33	4431
22	1831	2638	286
15	179	3715	1286	364
15	179	154	797	1806
2	74	44	106
4	1695	20	2844
7	694	308	2627
4	356	20	1696
10	1064	1063	1064	4167
4	4592	650	205
8	114	530	116
2	2887	455	3564
6	2590	3311
4	1945	20	924
8	404	1424	42
15	187	3302	206	181
8	40	1620	68
3	2930	2931	2999	796
1	2778	8	1955
18	1693	3382	521	3383
7	2532	238	2533
4	1358	20	1535
8	194	2028	521
8	281	2303	103
8	733	2788	972
1	1861	52	70
2	1401	44	2570
6	133	2289
8	416	1515	103
8	229	1421	234
8	551	3061	449
8	627	1316	355
15	179	4344	4345	258
1	741	52	9
6	365	28
5	310	2255	116	1355
8	1678	1679	1680
15	179	815	816	262
1	2078	65	9
16	1144	1145	313
5	390	321	296	25
3	1475	1476	2151	534
8	229	1235	299
14	2890	961	637
21	1471	1472	277
15	143	2538	1541	2038
8	330	158	42
3	802	803	1787	805
8	22	389	68
3	1877	1878	1879	684
1	1378	8	11
1	4293	8	11
4	375	20	2219
3	2749	2750	3197	891
10	1612	317	1612	2467
19	2500	1367	1368
8	742	2968	169
4	107	108	740
6	2590	4234
12	3268	99	3172
2	654	183	671
8	35	2888	198
8	583	584	198
8	114	892	136
16	1559	1560	313
1	1469	52	53
10	3934	317	3934	3826
16	3262	3548	1187
3	1725	1726	1727	1728
1	2489	52	47
8	273	3650	234
1	1555	52	70
8	1294	1946	42
1	2035	8	243
4	356	20	428
8	1164	1234	443
16	286	4373	4374
13	3761	1513	3759
1	1025	8	150
3	2548	2549	3856	84
15	187	4094	3708	1377
1	1761	65	150
20	593	1419	99
4	2837	514	2838
3	1641	1642	3645	1327
7	2422	2921	1412
6	1491	2867
2	3284	44	2462
8	733	3874	355
8	279	1697	443
14	3066	789	2656
15	143	3312	1957	3239
6	1444	1445
8	35	1130	136
8	166	1736	50
8	155	1606	103
15	179	3253	3254	1006
20	593	4669	99
8	742	2926	521
2	4365	3850	625
1	3894	8	11
4	79	20	2697
1	2251	5	9
5	273	720	68	25
6	1337	4529
0	0	565	638	639
3	2355	2356	1203	891
2	2962	44	578
5	48	734	355	25
1	729	52	9
8	516	1936	136
7	4103	412	1565
9	344	1582	1583
6	365	1470
8	194	599	234
5	151	321	296	25
7	2636	2637	4091
8	310	167	60
8	1934	90	443
2	269	747	208
1	3544	5	53
7	3483	472	2967
1	1015	65	150
8	390	2158	1078
6	1631	4643
1	1236	65	9
2	705	706	707
8	2610	3414	3415
3	408	409	119	120
3	1370	1371	3877	1373
14	636	961	637
14	3729	1973	1974
15	143	4780	4781	364
6	3953	840
1	3642	52	53
4	718	20	3730
4	986	20	987
1	524	52	53
5	310	3007	2575	25
8	281	2420	449
6	3158	2873
8	1536	1537	443
1	64	8	70
2	2402	44	74
1	1764	52	53
2	2313	44	931
2	2403	75	29
1	320	8	150
24	1187	1144	1188	1189
5	185	716	241	1625
8	1536	1079	198
10	1320	317	1320	1321
3	3096	3097	2339	88
1	1265	65	53
10	1530	1013	1530	1531
8	742	3125	42
1	1819	8	70
8	310	2729	234
0	0	2865	1058	2866
15	143	1339	1340	1341
5	155	617	296	199
4	1639	108	1810
8	330	2040	42
11	955	4646	4647	4648
19	2874	227	228
8	35	167	60
21	275	276	277
29	0	1077	4008	790
2	3295	44	1699
30	2428	2429	2430
19	1707	1708	228
19	3314	227	228
8	35	1736	1078
8	416	1127	498
11	489	3473	3474	3475
8	151	1987	619
3	1719	1720	4720	1134
22	284	2748	286
2	744	44	300
16	4413	1809	313
27	451	452	4433
3	3083	3084	1306	1307
3	793	794	3468	796
8	229	841	37
18	1781	3528	136	3529
8	545	1606	521
0	0	642	643	644
8	425	1249	24
10	1012	1013	1012	1014
7	3248	238	1597
16	174	3435	1463
8	157	2243	283
1	1545	52	243
8	185	186	50
10	2227	786	1807	3922
8	273	884	116
3	2556	2557	4262	2559
1	3530	52	9
4	1194	650	3358
6	27	3332
8	551	3247	2756
16	773	774	757
8	330	2852	169
21	2337	1778	277
2	182	183	931
8	742	2387	669
5	390	1374	449	199
11	3374	3375	3646	3376
15	187	4739	1389	364
4	283	20	616
8	294	2418	116
5	310	1374	169	199
4	1695	20	1696
15	179	774	363	181
10	1503	1504	1503	1505
8	22	3847	50
1	2171	52	53
15	179	1752	1753	996
10	1931	1932	1931	1933
3	2149	2150	1356	534
14	4040	636	1076
19	2892	1020	228
7	2483	308	3517
1	3270	8	9
9	1398	538	539
9	238	1882	1883
10	123	124	2977	4396
8	48	415	615
15	187	3798	3799	146
2	907	500	208
19	4496	227	228
8	22	895	136
8	516	574	575
24	607	4155	4378	4379
0	0	3597	4479	1849
0	0	1570	3910	3226
13	2159	3944	4581
8	390	2729	283
1	764	52	9
2	2789	44	1027
8	627	2328	24
6	2590	2873
9	1157	4160	4161
0	0	1570	1571	1572
18	2932	2723	2933	2934
8	151	2474	37
2	2013	183	2299
2	1664	44	1665
16	286	463	1080
8	229	930	669
1	225	65	3438
1	1718	65	9
6	77	2121
8	1536	3309	68
15	179	1460	1461	258
16	286	4538	757
21	3014	3015	277
8	22	3655	50
8	310	3030	299
8	229	168	169
8	40	1736	1078
8	733	1499	972
8	185	645	615
1	1640	52	53
1	4602	52	53
8	157	321	296
2	1048	44	912
8	35	36	37
2	3602	1670	1334
1	1193	65	9
3	493	494	495	496
6	4397	4400
25	2674	989	2675
8	229	266	103
8	516	584	24
8	310	311	60
8	390	392	521
2	4539	183	654
8	35	611	521
10	4152	4153	4152	4154
3	661	662	728	84
3	1713	1714	1715	1173
8	185	1526	521
8	114	870	91
8	114	1191	521
15	179	2414	2415	1006
1	3619	5	53
1	1592	8	11
8	310	4263	50
19	3512	1367	1368
6	1033	1034
7	3248	3255	1597
7	2483	752	2484
6	1072	4089
10	326	327	2412	3201
1	2778	52	1955
18	1692	4254	136	4255
0	0	1057	3422	1059
3	289	290	2609	292
8	416	1593	299
0	0	2699	1050	1051
5	1164	1234	443	104
13	1385	3895	2161
1	1718	8	150
1	3398	8	243
26	434	3618	3215
8	1423	405	42
2	2831	44	2451
1	648	65	47
8	1934	2798	103
1	1788	52	11
3	4442	4443	3856	84
1	547	8	9
11	955	956	957	958
5	1939	1792	116	25
1	863	5	9
8	294	745	1078
16	1580	4095	2894
5	229	734	355	1186
2	1230	183	3219
2	2335	44	707
3	553	554	1356	534
8	447	3335	669
2	2969	44	2900
8	1164	233	103
8	733	520	198
8	627	3874	103
11	489	490	491	433
1	1246	5	47
2	4227	44	1334
4	2880	20	2908
7	3364	412	3365
28	755	704	756
14	2200	1509	1824
2	3200	44	1657
16	286	389	667
8	585	1235	169
8	733	178	296
1	834	5	53
10	1807	786	1807	1808
7	1114	33	1115
8	425	312	355
1	1293	5	11
8	151	1287	91
1	225	8	11
4	615	20	1953
24	667	359	3091	3092
2	778	44	779
5	294	3306	116	1625
16	174	3435	607
0	0	1038	4099	1040
8	185	2473	234
16	2329	907	313
21	3941	4303	277
16	286	2698	1463
1	1948	5	53
6	3970	1338
2	29	183	269
8	516	1904	24
2	29	653	3660
18	3441	3442	1010	1101
8	1934	2659	68
20	756	755	704
8	310	2677	68
8	177	943	169
15	179	3739	3740	1704
8	177	542	24
6	839	840
8	35	492	449
1	1948	8	70
25	4016	999	4017
16	174	175	313
5	185	542	24	104
2	4115	44	3452
22	284	285	286
27	451	452	4121
14	3471	846	3472
5	185	2654	234	199
1	736	8	150
10	2096	2095	2096	3210
16	286	3278	757
4	79	20	4466
24	757	665	2478	3213
10	973	974	975	976
7	2802	33	2803
16	1551	3326	313
22	1616	1617	286
8	114	1922	169
2	3452	183	1396
1	1592	65	11
8	273	3443	116
15	143	1406	1407	1377
1	4735	5	11
26	434	1226	1227
10	1062	1063	1064	1065
8	425	156	60
3	504	505	2940	88
1	367	65	150
18	210	4319	198	4300
2	1455	455	184
8	3133	2306	42
15	179	3116	1541	1608
2	725	44	481
4	3229	20	1710
1	1015	8	150
1	878	8	9
1	2705	65	53
4	657	108	2421
2	1290	44	913
6	2785	1445
8	330	1292	241
4	558	20	915
16	174	3310	607
15	179	1956	1957	1705
2	3452	183	184
8	157	2854	91
2	1330	44	236
8	1934	3989	234
8	545	4265	355
2	1430	653	522
1	2249	52	53
25	2809	989	2810
6	365	2646
1	610	8	47
4	540	20	2435
14	130	131	132
7	237	238	2162
8	40	1489	198
2	2680	30	4349
11	3148	3149	3150	3151
6	3325	4458
0	0	3597	2737	1849
8	516	1409	234
7	62	33	1905
8	151	2046	521
8	583	142	103
1	2240	52	11
8	58	2475	283
15	187	4077	1494	1255
15	187	4417	4418	1255
3	3460	3461	432	433
1	445	65	53
7	1016	1017	1018
8	177	962	355
8	583	332	42
2	3514	183	31
3	2166	2167	1172	1173
3	2309	2310	939	940
8	585	1515	103
8	1233	231	355
8	551	2712	234
3	2376	2377	2746	2379
8	585	3353	296
2	1960	44	347
1	2342	5	11
8	281	3086	136
7	1590	1522	1591
8	627	2499	619
4	2880	20	2212
15	179	4551	1286	364
4	1022	650	2664
8	447	2183	299
6	2022	3360
8	151	646	50
8	742	2910	355
7	3364	3777	3365
8	868	3624	24
8	447	1464	91
8	1408	1454	68
7	1114	33	3217
2	1363	183	2286
8	185	1280	1281
2	481	44	1349
8	529	282	159
8	868	1904	37
16	3498	3499	313
1	1053	8	243
14	717	549	550
1	3690	52	53
2	931	183	932
4	649	650	2543
9	344	393	394
1	612	5	53
8	151	2351	1078
27	451	452	453
4	1929	20	3227
15	187	2036	2037	2038
13	2143	2144	2145
15	179	3737	3738	248
3	2935	2936	2937	1691
8	177	3349	234
2	1960	44	2146
16	1528	2608	607
25	4729	4667	1683
8	330	4125	169
14	1431	977	978
15	187	4445	1301	248
7	2099	238	2100
8	58	259	136
14	1823	2065	2207
2	235	44	236
8	425	3191	299
0	0	565	3569	639
4	2694	20	541
1	1659	5	11
0	0	4371	1353	4372
2	383	44	1405
3	2614	2615	1326	1327
8	627	1379	136
2	1908	44	569
1	1971	65	53
8	627	1166	1078
2	1618	44	1619
11	3016	3017	3018	3019
15	187	697	698	202
1	302	5	53
8	585	2123	169
1	764	8	150
10	916	917	916	3787
15	187	2307	145	593
1	1977	1978	1241
8	114	1235	169
4	2279	108	2280
1	729	8	47
16	2380	3295	313
8	229	417	615
18	1152	3234	136	3529
15	143	3594	952	1608
2	2313	44	578
29	0	1038	1875	2446
3	2556	2557	2558	2559
15	187	342	343	202
6	3970	1445
8	114	311	60
9	2507	2015	2016
2	3043	44	481
0	0	3864	2762	3865
8	35	3289	42
3	1811	1812	804	805
1	2231	52	53
7	3402	33	3211
1	1917	8	70
8	185	1379	42
1	817	52	47
3	2314	2315	3823	2317
2	525	429	806
1	1977	1978	150
1	414	5	53
29	0	456	1875	458
15	143	4339	1167	658
8	185	1308	116
1	1975	8	11
4	222	20	3437
11	2618	1574	2619	2620
6	77	1663
6	2250	2375
2	1214	44	121
2	341	44	43
8	516	1456	37
0	0	370	3422	372
15	187	2513	2514	903
5	868	1593	103	1186
1	648	65	9
2	378	44	1553
8	868	1620	234
7	2201	33	1239
24	757	286	4216	4269
10	123	124	125	126
8	48	1056	103
2	674	13	652
8	22	1266	234
3	1820	1821	2386	861
3	1267	1268	1269	1270
1	211	8	11
8	516	1384	136
8	1536	4064	116
8	177	1937	103
1	1212	65	9
15	187	1862	1863	1006
8	58	1959	234
8	529	2490	449
2	1584	44	578
3	3990	3991	2628	88
15	187	3635	3636	903
8	229	616	283
8	185	3655	972
9	4631	4160	4161
8	281	864	159
1	1592	5	11
6	2250	2792
10	1125	1124	1125	3479
8	22	3650	615
10	730	731	730	732
11	4777	4778	4201	4779
2	1584	44	660
8	58	135	136
14	4609	4133	3669
24	607	605	982	983
16	174	1869	757
1	69	52	70
3	1745	1746	2781	1691
4	620	20	2864
1	2249	52	11
3	709	710	965	693
8	22	2229	1281
1	1193	52	47
8	281	213	24
1	2248	52	11
15	179	4053	2630	399
4	2808	108	1253
15	179	1495	3249	190
1	2924	65	47
8	1233	1210	68
14	2869	2870	2871
8	447	2046	299
8	733	3030	283
19	2665	227	228
16	2380	3674	3675
8	447	1692	136
3	2775	2776	2777	2317
8	157	1106	60
10	3651	1179	3652	3653
8	310	1089	1078
8	229	426	234
1	427	8	150
12	98	99	100
1	2924	65	53
8	742	951	198
6	2938	1034
3	1713	1714	1172	1173
6	2022	1163
14	1075	789	1076
8	177	2255	103
26	434	1528	1646
0	0	1175	3076	1177
9	54	1882	1883
4	1281	20	3247
8	585	2194	24
16	3626	3627	667
3	1297	1298	1299	173
10	4340	4341	4342	4343
1	3287	5	53
1	2547	65	1955
8	294	1204	136
24	667	286	2690	3937
10	2227	786	1807	2228
4	540	20	3065
2	1837	44	2509
1	3752	5	9
5	40	734	355	1186
2	3602	44	301
7	1156	1181	2725
11	2857	2858	4231	2860
2	1498	44	218
8	58	4467	37
8	551	2229	1281
8	151	2158	159
26	358	359	2589
15	187	798	192	593
4	2037	108	3596
3	1998	2709	2710	2711
8	310	2868	68
2	184	44	1619
15	187	1404	3936	593
25	2425	2426	2427
8	40	3279	498
18	1897	1898	1899	828
4	2756	20	1273
8	297	1613	42
10	918	917	918	1222
7	411	3315	413
8	1536	3008	68
8	155	1129	234
3	2597	2598	2599	292
1	1838	65	11
8	2141	2242	42
2	1662	44	122
1	2587	65	243
8	1408	1409	234
1	2388	5	47
1	1684	8	9
2	2462	44	872
1	1730	8	47
3	3460	3461	2993	433
7	3248	3255	3256
0	0	1	3060	3
25	4543	905	906
2	1674	44	121
14	635	636	637
25	3992	3993	3994
1	1845	65	150
1	1450	5	53
15	143	4038	4039	262
8	2702	3032	234
16	286	2292	667
25	3189	999	2139
4	1899	20	3965
15	143	2407	1742	399
25	3513	334	1683
8	416	1693	68
3	408	409	2030	120
10	3142	2095	3142	3143
1	568	8	47
1	2547	5	1955
1	1246	5	150
8	733	2347	449
8	416	3776	60
12	1436	1437	1438
27	451	452	2382
4	469	20	470
8	330	266	103
2	1976	268	779
10	4013	4014	4013	4015
7	812	238	1905
8	545	1593	103
8	742	2348	37
3	2528	2529	1774	900
21	1755	1756	277
14	2098	131	132
5	1233	1792	68	1186
2	208	183	3300
8	297	1128	234
14	548	636	637
8	48	2433	449
7	1596	238	4594
8	868	1384	37
4	649	650	651
25	1397	2000	2001
8	1408	3989	449
8	58	1452	136
6	2590	4284
18	1099	1100	799	1101
8	22	1244	169
9	1181	699	700
8	733	745	1078
8	155	3624	296
18	2708	4122	136	4123
3	2332	2333	2688	88
8	273	325	2756
8	390	3306	159
14	1556	789	2656
0	0	770	632	772
8	212	2950	198
1	474	5	47
3	2277	796	4456	796
2	535	44	674
5	551	23	24	25
4	986	20	1800
9	1181	4042	4043
2	654	183	385
8	40	2552	169
18	2477	1898	4202	4203
8	545	743	37
8	229	331	116
5	585	2115	103	1186
6	1083	4461
4	1735	20	3595
6	77	3180
8	48	224	50
8	48	1987	241
8	416	930	669
20	245	2648	99
8	583	624	283
8	166	1446	198
2	45	500	535
1	648	52	9
8	22	325	91
15	179	4412	2848	1006
1	2745	65	53
3	2271	2272	2273	2274
1	2440	5	6
1	1459	5	9
1	2400	8	1955
0	0	885	886	887
4	50	20	3278
4	615	20	616
8	185	881	299
3	3280	3281	1827	1149
18	135	959	136	4754
14	1920	1208	137
8	447	1374	91
8	310	1844	498
8	310	2120	296
1	2035	52	70
3	2571	2572	1604	1605
17	704	702	2199
1	1718	8	47
8	551	1626	136
18	743	3179	136	3519
4	4747	20	1477
15	187	2879	935	1341
13	2159	2160	2161
7	2911	33	2912
5	89	142	103	1186
2	1394	44	1622
2	184	183	347
5	114	391	299	104
21	361	361	277
8	22	1446	521
3	937	938	4512	940
2	1798	44	625
2	3200	44	480
19	226	227	228
1	1025	52	47
1	950	52	1955
1	2678	65	53
8	157	2118	1078
2	544	44	3843
8	330	4009	521
6	77	1490
8	48	1533	103
8	627	2868	68
1	272	65	9
2	1169	44	121
25	2138	999	2139
1	1508	52	53
10	4034	4035	4036	2562
1	601	65	150
22	3959	3960	3961
1	685	65	11
7	411	412	2725
2	383	44	384
2	673	653	674
8	627	3220	24
14	1075	636	1076
8	1164	3413	355
6	1491	2700
8	1934	3032	234
3	4335	4336	2970	693
14	4025	264	265
8	166	1102	355
2	1662	44	1028
19	2994	227	228
6	3705	3706
8	390	2975	396
7	2518	412	1591
2	2491	44	2492
1	3391	65	53
3	690	691	1309	693
2	1560	44	122
8	22	4055	498
19	2676	227	228
2	705	44	1675
1	2367	52	9
8	627	1266	159
2	2393	914	1619
6	2205	2206
18	1792	2055	136	3406
8	185	1440	42
7	751	1522	753
1	1791	52	53
2	525	44	480
3	2125	2126	1382	1383
15	179	2768	2769	190
8	279	624	283
27	451	452	503
15	143	2089	2090	202
16	286	1611	1463
5	40	4087	234	199
1	736	65	53
1	610	5	9
1	2400	52	1955
21	2202	2203	277
4	2634	20	1264
5	194	1537	443	104
8	194	543	42
8	3133	3394	103
15	179	3750	797	903
0	0	3046	3492	468
8	1408	1416	103
26	434	2713	509
6	1491	4549
14	2869	4133	3669
7	3948	752	1198
1	863	5	150
2	579	44	535
25	1835	1045	1000
1	242	52	53
8	48	1829	37
1	896	8	11
8	294	197	198
3	137	138	2054	140
8	212	2968	169
1	427	5	9
1	446	5	53
1	1066	5	11
1	2466	8	11
8	229	3191	198
21	1471	4096	277
25	1540	1045	1000
2	1809	13	184
10	1125	1124	1125	4550
2	269	653	29
9	4548	1410	2016
13	1140	3099	3100
4	3229	3230	1710
24	1963	2624	2625	2916
2	208	429	269
13	1512	1513	1514
14	4290	3862	3863
2	1429	44	1349
2	2470	429	76
5	212	1292	136	104
19	4330	1708	228
8	157	2079	116
6	1491	2289
1	1336	5	11
1	1291	52	9
1	1838	1032	53
10	125	124	125	4605
2	2901	455	4311
4	296	20	564
3	2166	2167	2168	1173
16	665	535	313
19	777	227	228
3	2314	2315	3228	2317
2	2232	44	184
5	627	1374	449	199
25	4650	989	4717
16	435	3643	313
14	4037	961	637
8	89	1252	42
6	1153	2260
1	1469	65	53
8	330	712	234
1	3354	5	53
8	310	497	498
2	2969	2077	269
8	229	622	24
6	2179	2375
16	1580	4748	607
15	143	4645	2769	190
15	187	3844	3845	2247
28	934	2359	245
8	294	1970	241
3	1713	1714	2168	1173
6	2250	2631
2	1422	44	807
14	1594	131	132
5	627	2328	24	1625
1	648	8	47
4	206	108	3726
3	1485	1486	1487	1488
8	35	2501	24
18	4427	4428	879	223
8	35	1489	198
1	1265	8	11
7	459	33	2369
8	416	1235	159
8	1164	1357	91
9	238	1216	1217
5	22	2024	972	1625
7	2422	1157	1412
15	187	3040	952	181
8	627	3030	299
29	0	2652	2164	2653
5	35	3007	2575	104
1	1615	8	9
1	4166	65	53
4	355	20	1369
2	29	914	269
16	2989	2990	667
8	194	2632	42
2	1329	183	705
15	143	4683	3979	190
8	35	2063	283
8	545	1129	234
29	0	2105	1875	3488
7	3926	238	3927
1	2924	5	47
15	143	1436	257	810
1	427	65	9
8	22	1354	42
13	2143	3099	1387
2	525	44	378
16	3405	652	313
8	1536	1252	42
8	742	1127	498
16	665	4242	2894
8	583	1697	116
15	187	1285	1286	364
3	4617	4618	3788	2721
1	1360	52	9
3	137	138	4721	140
3	818	819	3617	821
1	1975	5	11
8	310	2830	37
8	22	4022	2756
8	155	3518	136
14	2208	636	637
8	48	486	198
1	1545	52	70
2	746	30	29
8	425	3353	296
8	742	321	296
8	545	1826	37
0	0	3046	164	468
1	601	65	53
8	583	1416	24
7	237	33	2162
8	58	1451	42
14	1823	846	3472
4	2880	20	3120
7	2532	308	2533
6	133	4505
8	627	2949	24
9	54	3070	3071
15	187	4481	2196	1255
15	187	4302	603	604
18	1452	3851	136	3852
1	3052	52	11
0	0	3911	3912	3913
8	185	4286	136
8	177	1354	396
8	155	613	169
2	1657	44	1553
20	245	4612	99
1	2678	52	53
8	585	1249	24
1	474	65	47
8	114	1936	68
7	1196	1197	1198
1	3846	52	9
8	114	2123	169
2	2524	44	1699
2	288	653	29
8	166	562	241
11	3621	956	3622	3623
1	2489	8	9
15	187	994	995	996
15	179	3053	3054	1928
1	26	52	9
6	77	3685
1	614	8	11
9	1181	3447	3448
11	3558	2980	3559	3560
9	4730	4731	4732
1	2882	65	11
14	2302	977	978
1	2964	65	11
8	1233	2475	68
1	1246	52	150
5	114	949	521	199
2	997	44	1951
8	527	927	42
8	177	2854	42
8	742	2387	116
0	0	2714	2715	2716
14	1365	636	637
11	1909	4406	1602	1605
8	166	2795	669
1	2440	52	6
8	733	3431	169
20	245	3122	99
3	3821	3822	728	84
14	3861	3862	3863
1	1730	5	47
4	1389	108	1390
2	1396	44	2281
13	127	128	129
24	3106	1144	3107	3108
2	1647	429	121
7	3364	2637	2395
1	69	52	243
8	35	2463	1078
1	1894	8	9
8	229	670	498
8	585	1781	299
4	398	108	3873
3	137	1208	4596	140
8	279	1732	68
5	141	1417	103	25
8	35	2852	283
29	0	1570	3346	2692
8	40	3129	669
5	229	1624	159	1625
2	625	44	654
1	3659	5	53
3	1988	1989	2790	861
26	507	1528	1646
2	1405	500	931
8	742	1235	159
8	425	1421	355
8	529	2419	449
6	365	2850
2	96	44	867
13	2159	3002	3683
10	316	317	318	319
13	3181	3182	3183
8	229	230	159
7	2626	33	4465
10	1123	1124	1123	4673
18	2918	1567	136	3573
8	185	295	169
3	802	803	804	805
8	330	2284	521
2	1976	44	1554
15	179	3615	3616	1377
16	286	3735	313
8	1233	1234	42
11	2731	2732	2733	2734
8	404	2142	234
8	151	492	1078
4	3277	108	2265
8	166	3804	24
6	2179	3481
1	764	5	47
9	2014	1067	2923
3	2718	2719	3788	2721
8	330	486	241
10	916	917	918	3967
2	3660	3661	269
4	107	108	3808
8	1233	90	443
10	422	421	422	4173
8	157	2742	136
8	627	622	498
2	12	44	1584
22	284	4183	286
5	177	2742	498	1625
9	54	844	845
16	174	3004	176
2	2147	183	1296
2	3427	44	3893
19	4553	227	228
7	4737	238	4738
8	545	969	116
9	344	2782	2564
6	1337	1338
16	3626	2449	667
2	1798	44	437
2	121	44	122
4	381	20	2411
1	3155	52	9
8	48	2474	37
14	2890	1984	493
2	2917	268	347
4	222	20	3508
29	0	3721	3742	3723
15	143	4525	4526	1928
4	127	20	4296
7	418	238	753
21	2758	3477	277
8	151	1089	68
8	310	1649	234
1	4722	52	53
5	279	791	103	25
18	4516	4517	1302	1873
8	516	1922	169
3	3460	3461	2321	433
1	293	5	150
1	1388	65	11
7	1196	238	2974
5	229	1089	1078	104
16	3266	3267	607
14	1431	131	132
14	635	961	637
4	1735	20	2148
9	1157	4452	4453
8	416	1489	198
8	545	1700	159
8	35	1260	234
4	2694	20	3751
20	593	2137	99
29	0	1038	1875	3033
8	742	767	91
8	40	1420	234
8	22	49	169
0	0	3864	2	3865
8	1408	231	198
3	1475	1476	1356	534
8	310	841	299
1	729	5	9
10	438	439	438	4384
15	187	2417	1639	258
4	79	20	3132
6	1271	2867
5	48	734	355	1186
15	187	765	766	245
6	27	1967
1	367	65	47
8	185	2024	1078
8	425	311	136
18	1515	1516	103	2416
8	166	1474	159
8	742	1892	42
6	3705	1632
5	166	767	91	1186
0	0	1038	2116	1040
2	96	44	97
8	157	1166	1078
2	674	183	1629
4	3867	108	3868
2	4480	44	578
3	802	803	2753	805
19	4327	227	228
8	627	2552	241
9	54	2263	2264
8	157	767	91
7	751	33	753
1	1015	8	47
9	238	4260	4261
7	3964	238	4338
2	2393	914	29
1	524	65	150
16	286	2592	667
15	179	1771	1772	262
2	1027	44	1960
3	4228	4229	4005	1307
2	2872	747	288
2	499	183	29
8	114	3289	116
1	736	52	150
5	390	734	355	1186
1	2924	5	9
3	1737	1738	2555	1740
1	1964	5	9
3	289	290	1093	292
7	1865	2928	1866
7	1865	238	3144
8	48	841	299
15	143	1021	1022	1023
1	293	52	47
1	570	52	53
29	0	885	3346	3539
2	2393	914	208
0	0	1038	3173	1040
14	2119	3753	3754
8	627	628	234
1	1151	8	47
4	1695	20	1770
3	1820	1821	2790	861
11	2640	2641	2642	2643
8	416	2827	521
1	61	52	9
8	155	2080	198
2	235	44	3436
1	2440	65	6
4	4641	20	4642
8	330	2950	1078
4	487	20	3261
5	22	3061	24	1355
19	1443	1020	228
3	1413	1414	1415	1383
1	2705	52	53
8	416	1547	60
1	26	65	9
1	1648	8	47
2	1405	44	576
16	4413	267	313
2	1976	268	535
2	182	183	184
3	2986	2987	172	173
8	40	1624	159
3	2597	2598	3434	292
8	516	1079	283
15	143	4088	363	262
8	1408	1962	116
15	143	3521	2073	258
7	237	33	4369
2	1539	268	1334
8	583	3413	24
8	157	2292	116
2	12	268	535
8	40	3191	299
1	863	8	150
21	3010	3011	277
3	1688	1689	2937	1691
1	1342	5	53
18	3085	374	2880	223
3	1170	1171	2170	1173
21	2397	2397	277
1	2231	5	53
2	931	44	1619
1	1449	65	53
4	1833	20	1834
21	322	323	324
3	2553	2554	4117	1740
8	330	244	103
8	177	1102	355
4	799	20	800
1	2401	52	53
6	2205	840
1	2392	65	11
8	273	4055	498
6	1318	3664
21	1889	3785	277
8	40	767	91
26	1225	3618	1227
15	187	3854	126	903
15	179	2664	1022	1608
4	2694	20	3505
1	1684	65	47
8	425	613	169
16	286	1319	757
1	685	5	243
1	2225	52	243
4	4475	108	3000
4	68	20	4129
1	51	52	53
5	151	2574	2575	1186
8	212	1676	50
15	179	2841	257	1341
6	2825	3316
1	2231	65	53
8	151	600	396
1	2466	8	243
8	48	1070	234
8	212	2501	60
1	502	5	11
4	42	20	2550
8	58	1409	234
22	3959	2638	1144
2	913	44	1553
8	297	135	669
8	294	3299	116
15	143	2222	2223	903
19	2976	1020	228
1	3379	65	9
2	1161	44	911
15	143	3848	3849	1704
18	152	3828	136	3829
15	143	2838	766	258
7	3257	3258	664
2	1622	44	1699
5	273	210	198	104
8	627	2739	159
8	273	716	91
2	1047	13	1169
20	702	1958	704
4	1302	20	621
24	176	286	2124	3288
13	1140	1141	1142
7	1596	33	1597
8	22	377	299
8	157	1069	68
1	556	52	47
21	2622	4294	277
0	0	3574	1571	3575
8	40	1634	615
15	187	4054	2073	1704
15	187	3204	3205	1928
15	143	1965	1966	1928
14	3066	636	1076
2	499	914	1462
3	214	215	1206	217
8	583	1959	234
1	817	8	9
9	1181	2015	2016
5	3957	720	68	1186
4	620	20	2951
8	35	2729	24
19	2992	227	228
8	425	1090	669
1	4267	65	9
8	281	724	198
1	3445	8	1955
4	2800	20	2801
8	48	645	60
15	187	2195	2196	2038
1	1592	5	53
25	3430	1045	4176
8	229	2117	103
3	3701	3702	1868	1488
1	3203	1032	53
1	1761	8	9
7	1111	1112	2967
8	194	2133	68
5	627	734	355	1186
8	516	298	91
4	702	108	2350
15	187	571	572	573
8	390	1489	198
14	961	636	637
1	445	52	53
8	516	115	169
8	585	2501	68
15	187	4021	816	262
2	348	268	184
1	1151	5	47
29	0	1721	829	1723
25	2485	2050	2486
7	3502	3503	1113
19	1983	1020	228
8	166	178	296
8	733	1150	116
8	425	574	116
7	237	238	4369
4	38	20	3547
1	2489	5	9
15	187	4196	2817	1928
1	2140	65	53
3	1820	1821	1043	861
2	2285	44	1432
8	529	3624	24
8	157	1204	37
4	204	20	3350
8	447	3650	234
20	245	4491	99
2	480	183	674
16	359	3717	1463
14	4037	789	790
5	310	767	91	1186
3	793	794	3051	796
15	187	4473	2667	181
14	130	977	978
15	187	3450	3451	262
8	390	1316	355
8	310	4125	449
13	3181	1653	3710
2	3284	44	806
9	1398	3550	3551
8	294	1335	169
20	702	2841	704
6	2590	4400
16	783	1671	757
11	3465	2641	3466	3467
2	29	183	208
8	177	618	159
8	155	670	498
2	4056	44	92
2	2146	30	29
1	414	52	53
29	0	3380	829	3381
6	3158	4284
7	3364	3777	2395
11	1573	1574	1575	1576
1	729	5	150
1	556	8	47
3	553	554	555	534
10	71	72	2423	4534
3	2332	2333	2339	88
6	2250	3316
8	89	791	103
8	58	1191	521
2	182	455	931
1	1288	8	9
1	1555	8	70
11	3374	3375	87	3376
14	4050	2943	2942
0	0	2163	2715	2165
6	162	4638
8	35	966	283
9	472	3924	3925
2	3731	44	300
2	208	1323	301
8	390	720	68
24	667	3101	2625	3012
8	733	3443	116
16	286	4486	667
8	40	41	42
8	551	2351	1281
8	627	1825	159
6	1318	1319
8	166	1056	669
8	157	716	615
8	297	3057	299
6	3638	4252
17	191	192	193
18	1710	4188	2143	4189
7	411	472	413
2	1228	44	579
2	1429	44	383
15	143	4503	4052	1255
1	407	65	9
1	2971	65	11
1	64	5	53
8	157	2576	50
8	114	969	521
2	3887	44	182
3	2185	2186	1309	693
2	652	44	525
1	1151	52	150
15	187	3546	3073	1704
29	0	549	2288	550
14	1431	636	637
1	7	5	9
20	702	703	704
8	151	1913	1078
9	1181	1067	2923
2	1619	44	437
1	2367	5	9
8	551	1328	449
9	54	1067	2923
16	1528	1529	176
8	48	2064	37
2	660	44	2281
8	279	1935	68
16	286	4573	4574
20	593	4322	99
8	742	2827	37
1	3530	8	9
5	970	971	972	199
2	208	183	269
16	3266	3267	176
3	1380	1381	1382	1383
19	4192	1020	228
0	0	2105	1050	3488
6	368	369
8	58	1904	198
3	2597	2598	2609	292
1	1245	8	11
1	3308	5	11
5	970	3909	42	1625
8	58	3641	669
16	605	2177	176
2	340	44	725
1	407	5	9
8	529	517	355
8	229	240	1078
8	157	2064	396
10	3540	3541	3540	3542
8	3552	2434	68
1	61	65	53
8	229	2063	1078
7	2532	412	3520
15	143	397	398	399
17	2956	1194	1243
1	2248	5	53
1	2252	1032	2579
1	3231	65	53
8	185	2024	972
8	627	951	116
8	713	4426	103
10	3950	3951	3950	3952
11	1310	1311	1312	1313
8	141	195	116
9	4031	55	56
8	529	1938	169
10	2995	2996	2997	2998
8	742	2235	283
1	1117	5	11
16	286	3426	757
8	310	2795	669
3	2553	2554	2555	1740
8	151	2120	50
19	2891	1708	228
2	1395	44	1396
1	1071	5	53
6	77	1295
8	627	2046	116
10	2437	2438	2437	2439
1	3591	5	9
1	7	65	9
28	2664	191	1022
4	94	20	2951
1	3308	52	53
1	685	52	11
8	151	1266	159
8	297	1418	198
13	1385	1386	1387
8	166	2669	498
8	3857	2953	3119
8	627	406	37
2	2524	44	883
1	4253	52	9
1	1854	65	47
8	585	3776	60
1	950	65	53
6	77	1967
3	1413	1414	1382	1383
7	2802	238	2803
8	229	354	355
4	1735	20	1011
10	3221	1932	3221	4352
1	2946	52	9
8	212	949	521
1	1459	65	9
8	294	2328	296
6	2349	1347
1	26	8	47
2	725	44	482
3	1103	1104	3169	292
1	2249	8	11
3	1041	1042	860	861
11	2821	2822	2823	2824
2	671	2077	385
1	196	65	53
10	4501	731	730	4502
2	300	44	569
8	22	1354	396
16	174	1869	313
8	297	3518	355
2	340	44	378
8	185	943	234
2	1455	183	931
1	1151	5	150
2	652	268	672
15	143	4521	126	248
2	778	44	535
0	0	885	1571	1849
1	1213	65	53
1	1648	65	47
6	2825	4718
21	2010	3480	277
1	2565	52	53
26	434	3812	509
2	270	44	579
2	288	183	29
15	187	1856	1022	1341
8	585	1420	103
8	58	3130	449
1	2678	5	53
16	359	383	313
3	686	687	432	433
12	4209	99	1404
1	1015	52	150
1	1211	65	53
2	1665	44	1629
0	0	565	4411	639
15	143	4391	4392	1705
2	2298	183	2299
19	2658	227	228
8	390	708	198
4	2634	20	4127
4	1494	108	1495
8	742	864	159
8	297	1451	449
4	42	20	3909
8	551	1842	296
8	35	2040	60
15	187	3795	3632	146
26	1225	1226	1227
3	2660	2661	2017	88
4	204	20	205
15	187	3037	3038	604
9	238	4664	4665
2	3893	44	931
8	185	415	159
10	1587	1588	1587	4258
3	137	138	1209	140
8	425	3464	24
1	2342	52	11
4	558	20	3132
8	868	2155	449
8	529	312	159
8	151	1892	1078
6	2179	2180
4	487	20	4061
3	493	494	4093	496
8	1939	3727	234
8	742	586	159
8	868	1451	449
6	3462	3463
8	155	2729	283
8	273	1284	241
8	22	2410	355
14	1594	3672	1120
16	2624	2625	1963
10	1062	1063	1064	2308
15	187	1711	1712	810
1	2131	52	53
1	2565	5	11
8	212	240	299
6	365	4215
2	1401	44	1402
8	194	332	42
3	3096	3097	3098	88
8	551	4547	37
8	229	628	50
3	3821	3822	83	84
16	359	2487	1080
25	3194	3195	3196
4	1054	108	1055
0	0	163	775	165
5	281	1001	159	25
8	1536	2512	443
6	2785	825
7	2394	2637	3834
7	62	33	63
8	390	616	283
8	545	3567	299
19	1621	227	228
16	1580	4095	1463
8	294	1499	619
6	3876	1347
3	1170	1171	1172	1173
16	435	2828	176
2	1047	183	121
8	330	628	50
20	257	4511	1437
1	3493	8	9
5	281	213	24	104
1	1845	65	53
1	1336	52	11
2	673	183	4487
8	101	528	42
8	310	3609	60
8	155	391	521
8	22	1776	521
24	607	4155	4156	4157
7	4184	4182	2432
24	313	286	2760	3593
1	1791	65	53
8	310	3041	521
2	3043	44	1009
20	702	754	704
14	2039	789	790
2	182	455	184
8	390	2468	241
8	151	2633	103
1	1592	65	53
2	1364	44	1553
19	4659	1020	228
16	286	931	757
3	2376	2377	3988	2379
2	2818	44	437
8	166	406	299
8	425	3776	60
1	1718	5	150
1	1066	5	53
11	1990	1991	1992	1993
16	359	3695	313
1	968	65	9
5	1934	1792	116	25
4	1275	20	1276
20	245	1797	99
9	1181	3783	3784
7	2889	238	2409
10	831	832	831	833
8	157	1842	24
1	2606	52	53
1	1291	5	47
15	179	4460	3740	1704
8	177	1970	241
1	524	52	150
8	390	600	396
1	3356	65	53
15	179	515	1022	1341
11	955	956	2551	958
15	187	3283	1167	2038
8	48	2060	234
2	4100	183	29
4	2694	20	3425
11	1909	2266	3420	3421
8	166	3064	296
26	507	3812	509
1	1508	65	53
9	1181	484	4298
8	114	2913	169
4	1302	20	4507
8	185	2474	50
2	1798	44	2340
8	390	701	169
2	2293	500	1422
15	187	3526	816	262
8	35	1549	50
2	2832	44	913
11	2979	2980	2981	2982
15	179	4439	4440	1806
8	166	2347	355
15	143	4761	2769	364
8	425	2910	42
8	89	280	159
2	347	183	1169
7	2532	3093	3520
1	1845	65	9
1	3634	65	53
8	516	1452	136
8	229	395	669
1	1459	65	53
25	1923	999	1000
6	3301	1034
21	275	3768	277
18	1626	1627	136	1628
5	151	3168	396	104
4	540	20	4611
8	185	2130	972
7	920	921	922
5	166	424	136	104
1	7	8	9
3	3821	3822	1094	84
25	3682	2426	2427
4	853	108	854
10	831	832	4635	4636
1	3357	52	1955
1	61	5	9
1	1053	52	243
2	3843	44	1349
8	627	668	669
8	551	552	296
15	187	2109	2110	1160
1	722	65	11
4	540	20	2069
16	4375	4376	1080
0	0	770	771	772
1	1246	52	53
8	585	892	136
0	0	2736	2737	2738
2	4098	44	1466
18	4334	2586	2322	1101
9	1398	345	346
4	487	20	2084
2	1405	914	184
14	4040	961	1658
8	273	274	136
21	1889	4394	277
4	1817	3794	3795
15	179	2515	2516	1160
8	279	3327	103
2	2108	44	913
1	1293	8	11
3	4259	2429	4170	3884
6	3876	1034
4	1735	20	4222
2	122	44	569
22	1831	3566	286
4	1906	514	1907
8	2141	2142	42
2	379	44	4098
8	157	1070	42
3	3280	3281	3282	1149
13	2476	478	2477
1	2924	65	150
15	179	4241	107	146
2	1790	44	913
4	487	20	1229
2	2360	44	3152
8	529	530	91
8	281	3130	669
28	2972	99	245
8	40	530	449
8	157	392	296
8	66	148	68
2	1455	455	931
20	257	3031	1437
8	229	1440	116
2	2286	44	1405
8	551	1274	198
24	313	435	758	4101
25	2791	999	2139
2	4058	268	437
0	0	3399	1050	3226
6	1318	3620
8	35	892	91
3	1146	1147	3906	1149
13	1929	128	1930
1	1322	8	11
14	636	636	637
8	151	406	37
29	0	4563	2164	4564
8	545	1938	169
8	35	2852	299
3	1785	1786	1787	805
8	151	680	159
2	2470	44	384
1	446	65	53
2	1836	268	913
6	3638	4081
10	3221	1932	3222	4271
2	1618	44	569
8	294	1549	60
8	742	426	198
1	2971	5	243
2	944	44	2470
8	294	3168	396
0	0	3399	3400	3401
2	1539	44	3232
25	4023	3140	4024
14	3765	3134	3766
11	1107	1108	1109	1110
9	1181	2101	2102
24	667	1551	1552	3012
8	273	881	198
25	1060	989	1061
8	1536	1454	24
1	1478	52	53
1	1008	52	53
1	1360	65	9
14	1075	3753	3754
6	2590	4143
8	177	2633	283
15	187	2594	603	604
9	54	1666	1667
8	742	3191	299
4	4561	650	2856
1	3155	65	9
10	3207	1887	3207	3208
8	89	142	103
9	54	2497	2498
1	1015	5	47
4	1899	20	4472
8	1536	2261	91
0	0	1721	771	1723
15	187	2730	1286	364
20	245	2972	99
1	1066	52	11
7	694	238	3078
4	879	20	4206
15	143	4506	3073	202
1	302	52	53
8	733	2063	159
3	2553	2554	2915	1740
2	2108	44	1675
15	143	3202	1541	258
6	1318	3167
2	1396	44	2192
8	627	1892	1078
8	194	1732	24
20	593	4239	99
14	636	1984	493
1	3357	5	1955
1	896	65	11
20	593	4080	99
6	2519	1034
5	22	23	24	25
1	1764	65	9
2	3714	44	2470
8	527	4377	103
1	2372	8	9
15	143	3608	718	1608
5	185	2574	2575	25
2	450	44	383
8	294	2633	103
3	1370	1371	4719	1373
8	22	962	355
8	177	1379	615
8	1233	1550	68
8	185	2845	283
8	273	186	91
8	1536	3901	449
14	263	3134	3135
8	297	282	283
2	1363	44	872
15	187	3571	3572	202
1	320	65	150
1	2233	52	53
8	733	1244	159
22	3601	285	286
1	1761	52	150
16	286	1731	313
1	570	65	53
1	597	5	47
2	1394	44	882
1	782	65	9
9	1398	941	942
5	294	2024	1078	104
3	4335	4336	965	693
8	868	2155	198
10	400	401	402	403
8	527	528	443
2	1656	44	1657
14	1972	1973	1974
3	2771	2772	2773	1488
1	1819	52	70
26	434	1226	3215
13	3181	2527	3710
2	913	653	654
8	177	3885	68
2	499	500	208
2	4469	287	3858
8	40	3299	91
18	2133	3382	136	1232
0	0	3629	1353	3630
14	1118	1259	132
3	1485	1486	4320	1488
15	143	3072	756	2038
2	1539	44	347
3	3460	3461	688	433
7	237	33	1896
8	1536	2659	91
23	4530	304	4531
5	297	530	91	25
4	79	20	3320
10	2325	2326	2325	2925
2	482	44	45
19	2458	227	228
12	1958	704	703
8	516	4064	575
2	748	44	1214
8	212	1515	241
8	545	2616	296
20	245	100	99
0	0	456	1050	458
15	187	3296	3297	1928
8	177	1439	24
18	1936	3382	136	3068
8	22	1369	103
8	1536	1035	169
8	40	441	521
8	551	3904	1281
8	157	1987	669
8	294	2669	169
8	330	1260	299
1	568	65	150
2	2917	268	437
8	157	377	355
1	3839	65	53
8	281	517	91
15	187	4316	1753	262
20	593	2849	99
1	1205	65	53
2	2900	183	269
7	2582	238	2583
8	212	415	299
8	1678	2434	68
8	166	1649	24
11	4706	4707	4708	4709
18	1391	1392	103	1393
10	3291	3292	3293	3294
6	3876	1445
8	151	745	169
2	3514	75	1881
1	3703	65	53
0	0	2736	3912	2738
4	952	650	3145
2	2901	183	4437
8	2952	1679	1680
6	162	2617
1	1151	8	9
8	279	1959	234
1	524	65	47
3	3245	3246	2321	433
1	524	65	53
8	2610	67	68
18	2169	2454	1735	376
8	733	929	296
8	151	3804	50
8	151	1526	521
15	143	1419	1167	593
7	663	33	1030
1	1378	52	11
1	46	5	53
2	378	429	674
8	529	213	24
16	783	3568	313
2	1675	183	1675
1	741	65	9
8	425	1130	355
8	89	2512	116
8	114	203	91
1	3580	65	9
3	2376	2377	3453	2379
1	1192	8	9
16	286	1762	757
3	2319	2320	2321	433
8	390	2531	136
16	286	1762	1080
15	187	3439	3440	1160
2	3264	44	867
9	472	345	346
6	2250	4625
1	4274	52	53
10	3866	1504	3866	2925
3	4228	4229	1306	1307
3	1095	1096	2584	1098
1	1761	5	9
8	35	2669	50
7	2752	1197	2533
14	2833	549	550
8	212	966	283
8	310	510	449
8	742	1515	103
8	194	1416	449
6	1491	4679
8	89	2194	103
8	330	670	498
4	1541	650	3072
1	3287	65	53
8	585	417	296
7	471	54	473
1	2367	8	9
5	330	734	355	1186
6	1919	1347
8	166	1736	498
8	66	2142	42
1	722	52	11
2	654	653	385
1	3236	5	9
6	1473	4114
8	545	1773	68
1	1248	8	9
1	601	65	47
8	114	586	159
18	1566	1567	615	1568
2	2313	44	3185
2	1396	44	341
1	1342	52	11
8	89	1940	42
8	585	991	42
10	3221	1932	3222	3223
2	3328	44	270
8	114	115	116
15	179	2580	2581	1160
6	2179	3206
21	275	4639	277
7	2752	412	3520
3	2277	796	2278	796
1	3637	52	11
0	0	3046	1524	468
15	187	2209	2210	1160
8	390	1446	169
8	551	1464	91
8	1408	3641	669
5	425	2115	103	1186
1	524	8	150
8	742	1260	24
7	580	238	581
3	137	1208	3265	140
16	2624	2625	1080
8	279	2133	68
8	416	1129	234
4	799	20	1099
22	1831	1832	286
8	742	240	299
4	2933	20	2932
8	155	1152	136
9	54	941	942
2	3427	44	2232
16	665	666	667
8	627	734	355
4	103	20	1174
9	238	484	485
8	40	670	498
8	425	2950	521
8	330	392	116
2	387	30	29
4	381	20	1229
0	0	1038	2112	1040
3	2309	2310	2311	940
9	3352	2174	2175
1	764	52	150
15	179	3273	4536	181
8	114	2910	449
2	1047	44	481
8	48	2795	669
3	1811	1812	2450	805
8	1408	1348	116
1	2171	52	9
8	279	1792	68
2	1329	44	2832
8	151	3220	24
13	1385	3744	3745
6	4513	840
5	425	4009	2575	199
8	294	562	103
8	447	1369	103
3	3698	3699	2993	433
7	2626	238	4465
8	310	240	37
1	1245	65	11
2	907	653	2403
14	2302	3225	132
1	736	52	47
1	1765	65	9
1	1025	65	150
1	293	65	47
1	2466	52	11
8	273	1776	521
20	245	246	99
14	3671	131	132
8	66	2434	68
13	127	629	630
2	437	44	121
3	408	409	4419	120
4	2880	20	2881
11	4691	4692	4693	4694
5	551	2654	234	199
8	279	1035	198
0	0	1847	3910	1051
1	2171	65	53
15	187	755	766	1705
14	548	549	550
16	1528	1529	607
9	1181	3396	3397
4	222	20	3184
8	58	388	60
25	904	905	906
2	1661	44	911
4	1302	20	2287
5	1294	1417	103	25
8	404	2875	103
8	279	1384	136
4	79	20	2148
2	2491	183	4401
8	212	1660	234
1	878	65	9
8	529	3624	60
14	635	977	978
10	4028	4029	4028	4030
5	35	1676	50	1355
8	529	1606	521
3	2779	2780	1799	1691
8	212	2926	24
0	0	1175	1353	1177
18	2726	2727	986	376
11	2857	3285	3286	1911
9	1398	4309	4310
8	733	2351	1078
8	1678	2242	42
8	58	969	116
14	1972	2883	2884
7	32	33	1565
1	863	65	47
11	3603	3604	3565	3605
11	2215	2216	2217	2218
7	1067	238	1068
14	1431	1984	493
6	2825	3832
16	2329	3156	3157
3	430	431	688	433
1	211	52	11
8	194	1252	42
4	283	20	3214
7	1865	412	1866
8	390	1676	1078
2	913	914	872
10	2560	2561	2560	2562
15	179	3631	3632	996
8	294	3306	116
11	4522	4139	4523	4524
15	143	3350	204	1806
7	3516	412	753
2	480	44	579
6	368	2749
11	250	251	252	253
8	294	776	198
14	1344	1345	1346
15	143	1638	1639	1160
8	310	1533	103
2	569	44	76
30	4482	4483	4484
0	0	1509	847	1510
2	267	268	269
8	48	1970	68
8	425	2080	198
8	40	2387	241
2	1161	44	106
8	35	1420	521
1	648	8	9
8	516	517	449
25	3189	4398	4399
16	665	2478	757
6	1271	134
1	601	5	9
15	179	3237	3238	3239
3	214	215	4695	217
8	583	3008	68
1	896	52	11
8	294	295	296
8	1408	3130	449
1	4293	5	11
4	3146	650	1159
2	2393	183	1647
4	797	20	154
2	672	706	705
5	22	2654	234	199
1	2240	5	53
4	952	650	953
16	3498	4571	313
6	1337	4106
15	179	4174	1639	399
8	279	1384	91
1	2091	65	11
3	2930	2931	2278	796
8	177	4162	1281
18	1871	1872	620	1873
8	1294	2875	103
26	507	2713	509
2	2509	1670	208
8	281	1348	116
8	114	203	60
16	1144	1188	3549
2	1467	44	379
1	3846	5	9
0	0	3399	4074	3226
8	545	611	198
5	40	2827	1078	1355
2	913	914	1553
1	1291	5	150
5	155	2115	103	25
2	672	44	1432
8	1233	1732	68
8	416	2256	299
15	179	2032	2033	190
16	435	1477	176
8	40	1090	116
15	179	1915	1916	262
1	1322	52	11
1	2489	5	150
7	2525	1086	2526
5	35	1773	68	25
8	273	2742	669
1	4285	65	53
1	764	65	9
8	310	2040	42
3	1725	1726	3124	1728
8	551	197	103
15	187	4582	4583	573
1	610	52	150
11	4661	4662	4663	3019
8	40	788	615
8	1294	1252	234
25	3189	3140	4163
5	185	2574	2575	1186
1	1213	8	9
15	179	3026	3027	573
14	1118	977	978
4	1742	108	1743
8	22	884	169
5	58	2616	575	104
2	867	268	654
8	585	1127	498
8	1294	142	103
24	1080	286	1762	1763
8	22	542	24
1	1777	5	53
4	1140	20	1223
1	1450	5	11
3	531	532	533	534
4	50	20	3607
1	26	8	9
8	627	230	169
8	447	962	355
8	416	2814	241
8	3133	405	42
6	1153	1154
8	114	2918	136
6	1337	2134
1	1245	52	11
4	2253	20	3501
1	10	8	11
5	212	2420	24	1625
15	187	3756	1022	1608
6	2250	4328
6	162	4208
4	620	20	4651
2	746	747	748
8	529	1921	37
15	187	1004	1005	1006
2	660	44	866
6	4734	1347
6	133	2867
15	143	4057	1005	248
1	556	65	47
8	40	510	60
8	35	767	91
15	187	3031	257	1705
14	1556	3753	3754
9	54	3550	3551
8	390	1374	449
4	204	20	3684
8	529	689	116
8	151	2576	50
6	1072	1073
1	4285	5	53
8	583	388	355
8	35	2008	159
15	179	3055	3056	248
8	404	2306	42
5	585	2117	103	1625
4	1461	108	719
15	179	1390	476	1705
1	1917	52	70
1	568	5	150
1	3580	8	9
6	77	2289
16	1144	1145	1080
8	22	2062	103
8	155	1249	24
8	1233	1935	68
8	40	1130	136
4	79	20	801
1	1648	65	150
8	114	1598	37
10	71	72	71	73
2	208	13	269
3	1131	1132	1133	1134
8	177	2064	355
6	365	134
14	4037	636	637
1	3659	65	53
8	166	2064	37
8	281	410	103
19	2804	227	228
8	545	948	299
2	707	183	384
15	143	2846	756	1341
24	667	3498	4292	3628
1	2233	5	53
9	1181	2563	2564
2	1363	268	347
15	187	2847	2848	1006
1	1342	52	53
4	558	20	2605
0	0	2761	2762	2763
8	281	1994	68
7	1895	412	1896
8	48	1308	198
8	529	2539	91
8	733	2348	37
4	107	650	4757
8	281	869	91
8	185	1692	136
8	22	4547	37
3	1324	1325	1361	1327
1	1007	5	11
0	0	2699	2907	1051
1	556	65	9
8	1939	1946	42
22	4060	2748	286
3	2005	2006	2007	113
15	179	4178	3845	1377
8	212	417	296
3	2571	2572	2238	1605
10	2437	2438	2437	4457
21	3941	4438	277
11	955	4346	4347	4348
8	585	2117	103
0	0	163	933	165
1	4166	65	1955
8	447	3909	169
2	944	44	2361
4	1541	20	3880
3	1485	1486	1868	1488
8	551	3278	396
6	1083	2867
26	434	4172	1646
18	1864	3780	136	4746
8	273	947	60
6	77	4603
26	434	3035	3036
2	1230	44	865
15	179	4632	4583	573
19	4006	1708	228
4	1010	20	1011
14	1431	961	637
2	1028	268	481
6	133	2542
4	2037	108	3718
8	279	3989	116
1	3412	65	53
2	535	44	1349
8	232	2353	68
0	0	3535	3536	3537
4	68	20	3885
15	187	2904	2182	1377
8	1408	1968	159
6	27	2941
8	177	2062	103
8	177	1692	136
30	3137	3134	3138
4	498	20	1953
1	2882	8	11
1	4740	5	11
5	551	3247	2756	104
5	114	530	116	1186
8	425	2463	355
8	551	2474	60
8	627	2224	159
2	437	44	385
8	1536	1613	449
16	286	4687	1463
7	1596	238	1597
8	627	2120	619
16	435	2893	2894
3	661	662	3856	84
1	1117	52	53
20	245	98	99
2	208	914	269
2	576	44	577
19	4158	227	228
8	229	395	449
8	48	49	50
6	2519	825
10	918	917	3243	3244
8	48	930	91
8	545	1936	68
4	381	20	2657
6	1337	4425
1	1684	8	47
9	2031	941	942
7	471	472	473
15	179	2265	1541	1006
4	2322	20	4334
16	286	4408	3106
2	3269	44	1554
2	1809	44	1395
5	416	441	521	1625
4	923	20	924
3	1737	1738	1739	1740
4	2460	20	2461
6	4488	609
1	302	8	9
25	2425	1045	1000
1	3814	52	53
16	605	606	607
26	2786	508	509
29	0	3574	3346	3943
4	1281	20	3147
18	3700	4727	136	4728
24	757	984	985	2899
15	179	2629	2630	1006
10	4704	3292	3293	3590
1	1614	65	11
0	0	1570	1571	2884
8	101	67	68
8	166	454	60
2	29	455	499
1	2948	65	9
1	1066	65	53
1	26	5	150
2	671	44	1237
10	4084	4085	4084	4086
5	310	2040	42	1625
8	585	2888	116
3	2304	1134	3378	1134
8	166	1677	42
8	48	2913	50
3	553	2061	533	534
8	404	405	42
19	3933	227	228
5	1852	1417	103	25
8	404	1031	42
8	141	142	103
3	2510	2511	1356	534
18	1716	1717	222	1101
8	516	2647	91
18	2693	2405	2694	828
6	3869	1139
9	1181	4160	4161
8	229	4009	234
1	278	65	6
8	585	2419	449
1	1236	52	9
21	3576	3577	277
15	187	3121	1407	190
28	2358	2359	245
7	1701	33	1342
1	4142	5	53
4	1480	108	3123
3	1785	1786	804	805
4	160	108	3940
1	2971	8	243
8	58	2236	136
8	516	679	575
1	3454	52	11
2	4056	44	3606
2	2146	268	208
1	10	5	11
29	0	2714	2164	4614
8	141	2632	443
2	236	44	2232
8	114	3518	521
3	170	171	172	173
15	179	180	145	181
8	281	624	283
14	2039	961	637
8	2141	148	68
8	390	1744	103
21	275	1843	277
8	151	3129	615
28	3024	3025	1749
3	2314	2315	2316	2317
10	2423	72	2423	2424
8	1536	3327	103
3	2597	2598	3169	292
1	414	65	53
27	451	452	3806
15	187	4357	4358	1377
1	1388	52	11
2	674	500	654
8	516	142	103
1	3814	5	53
2	674	183	3219
9	1398	2563	2564
8	35	41	42
2	347	13	348
15	179	4110	696	1341
8	22	3171	37
1	4166	8	1955
6	2250	1744
8	48	634	116
1	4142	65	53
8	101	1424	42
8	330	1892	42
15	179	3719	3720	202
6	1162	2336
9	54	538	539
8	529	3567	299
2	1155	44	105
8	1934	2708	355
1	3530	65	9
1	1469	52	9
9	344	345	346
1	1447	65	53
4	1957	108	2985
1	1855	52	53
15	179	2111	718	1608
15	179	3457	3458	903
1	427	52	47
8	22	4470	136
14	908	846	3472
8	279	2303	103
20	702	4175	704
8	294	2963	234
6	2349	1034
1	3637	8	11
8	212	1235	159
8	1408	2512	116
0	0	631	771	830
8	1164	2261	91
4	2634	20	2784
8	185	1244	159
8	194	2959	355
4	2694	20	4430
0	0	370	371	372
1	1592	52	11
4	1010	20	1092
2	3663	268	29
2	383	44	1422
0	0	1057	1058	3163
9	238	4220	4221
25	998	999	1000
2	1836	44	1837
8	114	3086	296
8	1408	1729	24
24	607	1528	1529	2806
2	4493	44	779
15	187	4576	3791	248
8	177	2060	396
10	2819	2326	2819	2820
8	2702	2798	68
2	654	2083	674
3	2042	2043	2044	1373
17	1242	1022	1243
3	686	687	2993	433
8	742	2270	449
6	2825	3875
8	155	3103	355
4	2607	20	2608
22	1831	1579	286
8	177	2418	1281
7	2422	3509	1412
14	1556	1557	1558
8	229	321	296
8	447	2788	91
8	151	168	169
8	58	3728	283
8	229	1953	498
15	187	1748	1749	810
8	48	230	1078
1	1765	8	9
24	757	435	758	759
2	1674	44	2570
13	1758	1759	1760
18	2852	1567	1184	376
18	621	959	356	512
8	330	2913	521
3	1041	1042	1043	861
8	1423	2306	42
7	3502	3258	2967
18	2644	2645	1302	828
2	1538	44	74
8	151	2224	498
0	0	1057	1058	1059
8	48	1260	355
18	3340	3341	799	1873
0	0	4171	1571	2878
6	2259	1154
2	576	429	347
1	2330	52	9
18	895	3584	136	4499
1	2078	5	9
0	0	846	847	848
3	1811	1812	1813	805
8	297	1456	449
1	568	52	9
5	155	1693	68	1186
8	583	90	443
1	1008	52	9
2	997	44	208
3	2355	2356	3197	891
3	4047	4048	4102	4050
20	702	4759	704
2	352	44	1619
18	1089	374	1078	3743
16	435	4004	757
7	1067	238	1597
1	302	65	53
1	2275	65	11
8	229	2158	50
1	1894	52	9
0	0	885	3910	887
15	179	3983	3984	1023
8	294	377	355
8	151	1328	396
4	356	20	2696
1	474	5	150
2	384	44	270
1	648	8	150
2	4126	183	385
8	294	1343	669
6	2179	3307
2	4401	183	385
2	2887	455	2679
16	1144	1698	1080
1	736	8	9
1	896	65	53
1	2770	65	53
1	4	52	53
11	85	2266	2267	2268
8	545	1128	234
7	2532	33	3520
8	279	442	443
4	1985	20	1986
3	1599	1600	1601	796
5	527	528	443	104
11	1573	1574	3871	3872
2	3640	183	208
19	3209	1020	228
2	1553	44	1554
8	114	4265	355
8	447	1655	2756
8	733	3847	50
9	1181	1410	2016
1	3155	8	9
0	0	1	3432	3
2	2464	44	569
8	330	3353	355
8	35	244	103
1	2835	52	9
8	416	417	296
4	1541	108	1542
8	155	2258	669
1	3493	5	9
2	932	44	2286
1	601	5	53
1	2342	8	11
8	279	1210	68
2	1622	44	883
8	229	2221	669
8	529	517	91
3	4317	4318	2257	1740
8	48	2348	37
4	2634	20	3062
1	3544	65	53
1	3177	5	53
2	2403	44	269
15	143	3370	3371	1255
4	192	650	3116
8	390	2795	159
8	447	1829	234
3	3245	3246	432	433
30	2428	1104	4753
4	799	20	4243
8	22	49	159
8	166	2433	241
2	674	75	1657
1	817	5	9
8	157	1440	50
3	937	938	4745	940
6	2590	2591
8	416	2420	241
6	1706	1347
8	177	424	241
3	4145	4146	2937	1691
4	24	20	963
8	2702	3727	443
15	143	4562	4536	1006
2	3152	44	2192
2	1250	44	725
3	1199	1200	1201	1202
25	1044	1045	1000
8	166	156	1078
1	26	5	47
8	742	1152	91
8	35	2535	60
1	1193	52	150
8	733	618	449
6	365	2542
8	1408	1001	159
6	824	825
7	4386	33	664
14	635	3225	132
6	3705	1163
8	177	2845	283
8	2141	3786	103
2	2917	44	867
8	48	395	296
28	1797	704	702
8	529	574	234
8	330	2258	116
2	535	44	1553
10	1125	1124	1125	4380
6	1083	4508
1	2370	52	70
8	229	2707	296
0	0	163	1586	165
8	425	3086	296
2	288	44	208
2	1295	183	1296
7	1196	238	1198
16	665	4242	3410
15	187	2861	2862	190
8	585	2420	449
4	79	20	80
6	27	4198
8	585	2814	116
1	1469	5	9
1	1246	65	53
1	3659	52	53
8	58	624	283
16	3262	3436	313
1	1684	5	9
8	177	1446	615
8	58	282	283
8	551	3431	521
5	545	530	91	25
1	2587	8	243
5	1408	574	575	25
2	865	44	535
8	551	2410	355
7	1156	1157	1158
2	385	183	2962
1	2153	5	53
2	3860	44	525
14	1556	961	1658
1	1615	5	9
15	179	2807	2808	810
8	310	2457	669
4	1358	20	1359
1	782	5	9
8	416	949	521
5	627	2574	2575	104
6	3638	4130
7	2471	1197	2472
9	1398	1457	1458
2	3452	44	911
18	3247	4402	2756	1393
2	674	914	652
2	2901	183	3858
26	358	359	360
15	187	4218	4219	1377
2	2286	44	931
8	297	298	299
2	269	2077	288
14	1594	1259	132
19	4149	1367	1368
0	0	565	3711	639
20	245	444	99
8	297	312	159
8	742	743	103
26	2786	4172	1646
4	1735	20	3469
3	1324	1325	1643	1327
8	416	2270	449
8	89	1959	234
8	447	929	283
8	48	2739	241
3	2376	2377	2378	2379
4	38	20	39
24	1080	286	4283	1082
20	756	4331	704
2	3113	653	2013
3	1811	1812	2753	805
0	0	3380	1722	3381
1	2705	52	11
1	2392	52	53
3	802	803	3416	805
3	1745	1746	1799	1691
21	2396	2397	277
8	177	723	449
8	48	1204	136
3	1850	1851	1795	1796
2	3640	44	1405
2	577	44	1951
8	416	2080	116
4	718	20	719
8	35	1676	50
8	529	991	103
9	3395	3396	3397
1	568	52	150
26	2786	2787	509
2	347	44	2281
1	547	52	9
1	1015	52	9
8	1233	1697	116
8	177	4022	24
1	1015	52	47
3	2277	796	3417	796
2	31	653	29
1	2805	5	11
2	911	44	912
8	742	2284	521
2	1228	44	865
8	40	3319	169
1	3493	5	47
19	4257	227	228
19	2683	1708	228
8	177	1526	198
4	1985	20	4020
7	1067	1086	1068
19	3478	1708	228
2	4705	183	2298
8	1934	2067	234
3	2005	2006	3897	113
2	1908	44	1619
3	1750	1751	683	684
15	143	1561	343	996
8	733	1343	669
2	883	44	437
7	3216	1197	3217
1	1977	8	1241
1	474	8	47
4	103	20	552
16	286	4216	313
7	2532	33	2484
2	625	44	385
8	330	2255	198
3	3083	3084	4005	1307
18	1496	1497	1010	828
8	89	231	198
11	3016	4620	4621	4622
4	799	20	1289
2	4108	44	182
1	570	65	11
2	236	44	671
4	4295	20	4296
1	1845	5	53
1	2401	5	53
20	756	3500	704
0	0	2699	4099	1051
7	3174	3175	3176
8	330	2120	296
1	1861	65	53
7	2471	33	2472
2	1028	183	931
2	2192	183	269
8	1852	1853	234
8	22	3443	116
8	157	501	299
5	157	1089	68	25
10	1519	1520	3323	3324
14	635	549	550
8	583	2959	355
1	601	52	47
8	166	295	296
15	187	4544	107	1705
11	250	3676	3677	3678
1	863	8	9
8	425	655	234
8	40	712	234
3	2149	2150	2151	534
4	1184	20	2735
14	3392	2163	3393
7	641	412	519
4	2634	20	4148
6	365	1967
1	1053	8	70
8	742	949	521
1	1532	52	11
8	166	2348	37
2	3486	44	1629
18	4628	1898	4629	1518
1	1838	52	11
4	381	20	3515
21	2622	2623	277
14	2081	549	550
19	3987	1020	228
4	1899	20	3449
1	3270	52	9
1	614	52	11
14	1431	3225	132
8	294	1102	136
2	1867	429	535
1	3752	65	53
8	1536	2708	234
1	3634	52	53
8	35	354	355
0	0	565	164	567
1	1854	65	53
1	863	52	150
1	4071	52	11
8	166	331	116
16	1528	1529	1463
5	35	441	521	1625
2	779	44	872
2	1538	44	1539
8	281	3781	159
17	99	593	4770
4	2756	20	3885
3	137	138	3161	140
2	2831	44	2832
8	89	3309	68
2	1455	44	569
1	4619	5	47
1	1845	8	150
8	157	1970	241
6	77	2961
2	2295	44	2296
20	245	2358	99
2	352	44	353
8	1408	1741	521
8	48	2060	669
3	2930	2931	1601	796
4	381	20	2254
16	2391	4498	176
8	212	1598	37
1	1151	65	9
16	2380	2381	1870
1	2489	8	47
1	367	5	47
3	2528	2529	2530	900
9	54	3028	3029
7	2408	412	2409
7	2626	33	2627
2	579	44	779
14	1481	1482	1483
2	2462	44	1553
2	4480	44	2293
2	2922	914	1363
2	1647	44	744
9	472	3783	3784
16	1551	1552	1080
8	2702	1940	68
6	365	2602
0	0	456	3173	458
14	636	789	790
6	2250	2542
8	310	2052	24
8	330	701	521
1	2078	52	150
8	35	2230	355
8	194	1940	42
19	4597	1020	228
18	3511	3179	1358	1101
8	273	646	103
8	22	325	50
5	330	1056	669	1355
8	1233	992	234
8	733	2024	1078
8	294	3607	198
1	1205	5	53
14	2890	549	550
1	1336	8	11
19	3095	227	228
7	2431	33	2432
8	229	2063	283
8	297	2419	449
1	4	5	6
1	3034	52	53
3	850	851	965	693
8	404	1417	103
8	294	1937	50
26	434	2577	2578
8	425	2052	116
8	58	3327	103
2	4115	44	1334
8	40	2468	521
1	483	65	150
1	1117	65	11
8	48	3191	521
20	593	2307	99
15	143	3248	1544	262
1	3363	65	9
8	157	943	241
4	620	20	621
8	868	3974	669
8	733	3335	296
6	1271	4199
18	552	1898	296	1393
3	137	138	139	140
2	1657	44	872
3	289	290	3169	292
1	834	65	53
9	54	55	56
3	3329	3330	1206	217
10	3554	2326	3554	3555
8	58	2226	91
3	793	794	2278	796
8	585	1456	449
8	279	1729	355
8	157	2963	1078
5	157	377	355	104
4	2494	108	2495
22	4075	4076	1144
1	4253	65	9
8	390	152	449
1	3903	5	53
15	143	4314	4315	2247
7	1156	1017	2048
4	657	108	2282
6	824	1034
8	1536	4607	449
8	151	930	355
5	212	1773	68	25
19	4065	227	228
9	2014	3114	3115
4	540	20	1185
19	4703	227	228
1	3020	5	9
15	187	2954	2955	1806
8	416	203	60
2	1364	44	872
8	425	441	521
8	627	3191	116
14	960	636	637
5	1536	1884	42	1186
2	267	44	236
6	1337	2961
1	3690	65	53
2	2244	268	208
7	4350	33	4351
9	1398	1582	1583
6	2259	4492
6	1491	2121
1	736	5	53
6	1318	2034
3	553	2061	2151	534
2	1841	44	1618
1	1248	8	150
20	593	3172	99
8	294	1244	198
6	1491	2066
10	975	974	975	4026
8	390	1660	234
4	986	20	3587
15	143	3000	1286	364
15	187	656	657	658
3	4335	4336	692	693
5	157	1089	68	1186
7	3402	33	2974
14	1556	636	1076
6	1919	1445
18	259	4144	136	981
3	4307	4308	2168	1173
8	294	947	24
4	38	20	2212
8	48	1442	50
16	174	3310	176
6	162	4587
15	179	3428	3429	190
11	489	956	3724	3725
8	294	463	169
1	764	65	47
14	3392	2652	1859
19	3692	227	228
8	89	679	198
15	179	3089	3090	1806
15	143	3570	1022	1704
8	114	2115	103
16	174	792	176
8	194	1884	42
16	286	2092	2093
8	279	1537	443
2	1432	44	671
6	1083	3620
8	166	1892	283
10	4588	4589	4588	4590
8	1934	1417	103
8	297	1921	169
3	858	859	1493	861
2	4226	268	29
1	568	8	9
8	151	2255	103
8	166	2852	169
3	2332	2333	739	88
11	2857	3285	3581	1911
8	48	963	234
1	597	5	9
14	1118	3225	132
8	627	2975	159
1	2171	5	9
6	1083	1224
8	35	441	521
1	1025	5	47
8	281	282	283
26	434	435	436
8	294	1891	619
6	3158	2591
4	1833	20	3905
2	654	183	1429
2	1428	183	288
0	0	163	566	165
1	2283	5	53
4	986	20	4003
8	89	584	575
6	1491	1967
0	0	631	632	633
1	46	52	47
7	663	33	1113
8	733	1446	521
8	114	2258	669
1	1213	52	9
2	218	44	3543
3	3081	3082	3954	1173
4	718	650	3608
8	1934	1935	443
11	3494	3495	3496	3497
15	143	4083	649	202
2	29	455	208
4	381	20	1874
10	2172	917	2172	3553
2	907	44	577
1	1459	1032	53
0	0	3046	933	468
10	4111	1520	4112	4113
4	1184	20	1185
8	157	600	396
2	4365	13	1665
1	1291	8	150
19	3709	1708	228
5	416	701	198	1355
13	1517	4714	4715
9	54	1182	1183
7	4150	4151	1087
8	155	3125	42
2	1427	44	1428
13	4363	3895	4364
3	1750	1751	4360	684
1	764	5	9
8	212	767	91
13	1140	2521	2520
24	667	286	1645	2834
1	647	5	53
1	2078	65	47
11	85	86	87	88
2	1837	44	121
8	177	1284	241
1	1659	8	11
8	330	2827	1078
1	597	52	47
8	185	623	1281
29	0	3046	1218	468
14	1769	961	637
3	81	82	3856	84
8	114	1773	68
3	4307	4308	4223	1173
0	0	2105	2907	3488
8	89	3641	443
20	245	3212	99
8	294	3655	241
3	858	859	2386	861
2	1467	653	654
1	2835	8	9
2	544	44	865
2	769	183	2294
2	1228	44	1867
4	1010	20	3425
26	507	508	509
2	1699	44	4098
3	214	215	216	217
4	1899	20	4450
7	2889	33	4515
8	330	2949	669
5	970	1709	50	25
0	0	2699	2112	1051
1	4	65	6
9	3503	538	539
7	3809	1086	3810
8	330	354	355
1	3048	5	11
8	281	280	159
8	425	1620	241
29	0	3721	3722	3723
8	713	2953	3119
1	1008	5	53
8	1408	517	449
6	254	1347
18	826	827	222	828
1	302	5	9
1	722	5	11
8	868	864	60
0	0	3380	771	3381
2	3870	44	349
4	1010	20	2411
8	212	41	42
8	232	233	234
2	1262	44	269
10	4743	1932	3222	4744
8	157	3582	669
8	58	3974	669
8	310	1070	234
2	1230	44	579
15	187	3656	1541	1023
2	2107	44	1664
8	229	2348	37
5	1423	1417	103	25
8	2952	2953	42
8	294	2499	615
15	179	4568	1340	146
1	1240	5	53
6	1706	255
1	3052	8	11
3	1850	1851	2505	1796
8	416	4263	234
20	245	1673	99
10	3934	317	1320	2701
9	412	2263	2264
2	2774	30	2012
1	1917	52	243
1	1508	5	53
6	2825	2826
1	2489	8	150
10	2480	2481	2480	2482
6	1337	2121
7	1111	1112	3118
1	2251	8	9
8	157	2347	355
15	143	1300	1301	1255
19	3235	1020	228
0	0	3046	1586	468
6	2205	1632
1	1764	52	9
2	576	44	2296
29	0	1570	3346	1572
13	2143	3732	3733
3	2277	796	795	796
5	212	617	296	199
8	155	203	42
1	4159	8	70
26	434	3902	509
1	2401	65	53
24	313	665	2478	2479
18	3759	3760	3761	3762
15	179	4713	3073	1704
2	867	653	385
1	1248	52	9
11	2215	2216	3962	2218
6	1083	3818
19	1952	227	228
2	3660	75	288
8	330	3279	498
9	1086	2365	2366
8	447	723	136
8	279	1623	116
2	461	44	2108
8	177	2229	136
2	1219	44	2917
8	390	680	396
2	2492	44	482
3	1380	1381	1415	1383
1	293	8	9
1	3741	5	9
3	553	554	2189	534
8	330	321	296
8	294	41	198
7	2483	3771	2533
28	1190	191	1022
2	654	183	674
8	155	1593	103
8	166	1634	241
9	54	3396	3397
14	4066	3134	3766
5	516	410	103	1186
8	390	391	198
1	1854	5	53
5	516	1249	24	104
16	286	1081	757
3	2528	2529	899	900
8	733	2963	234
1	597	8	9
7	2626	33	4091
3	2355	2356	2357	891
3	850	851	711	693
6	2842	1139
2	4056	4366	1467
9	54	4489	4490
8	529	1129	198
10	836	837	836	838
8	1934	4007	116
1	64	52	53
3	3081	3082	2170	1173
16	286	1645	667
4	1302	20	4405
1	2388	65	53
14	1769	1984	493
0	0	3399	2907	3226
2	1169	183	866
7	1668	1086	1669
3	137	1208	2436	140
8	58	1418	198
0	0	3864	3914	3865
24	757	286	1081	2488
8	35	546	116
8	114	689	91
1	648	65	150
1	1838	65	53
15	187	1434	1435	1341
8	177	178	68
8	425	611	198
4	42	20	542
8	404	2242	234
29	0	3748	4008	3749
2	2362	183	1296
3	818	819	820	821
1	4333	52	47
2	2509	44	208
11	1979	2266	4420	4421
9	238	1548	1548
1	4071	65	11
2	673	268	654
2	208	268	269
10	918	917	918	1247
4	381	20	3758
5	551	2410	355	1625
5	585	2115	103	25
1	46	65	47
1	685	8	243
5	1902	720	68	1186
8	330	623	449
8	529	410	136
1	2948	52	9
9	54	2101	2102
1	1291	8	47
0	0	565	566	567
1	1378	5	11
4	4592	108	4593
10	1886	1887	1886	1888
10	3588	3589	3588	4052
8	157	1844	449
1	736	8	47
8	742	36	169
8	330	1106	299
2	347	44	122
3	726	727	728	84
8	627	3609	60
1	3690	8	9
1	950	8	1955
4	107	108	2538
8	294	2742	136
15	179	4248	1541	1608
18	2722	2723	79	2724
8	742	2535	136
15	179	3790	3791	573
8	177	2868	50
15	187	2213	2214	1928
4	79	20	3819
8	733	734	669
8	585	948	299
4	540	20	4410
1	3614	8	11
7	4765	33	4766
8	22	3306	68
9	238	4237	3009
1	483	8	9
8	40	2830	37
8	273	1818	1281
8	166	492	299
2	2361	44	654
6	133	1846
5	516	1693	68	25
2	499	44	300
1	2946	5	9
4	1541	650	2358
2	1432	44	779
2	2361	44	1349
0	0	3629	3536	3630
9	1398	3396	3397
1	2489	52	150
1	26	65	47
6	1162	1632
6	1282	1283
15	143	3939	2984	996
8	281	1416	198
8	40	2852	169
3	802	803	1633	805
1	2929	5	9
8	447	1442	24
8	868	1348	116
19	2689	1020	228
2	2451	44	1329
8	425	1260	24
2	1396	44	122
3	1041	1042	1493	861
1	2945	8	9
4	2037	108	3136
1	3411	52	9
8	310	2064	37
2	1675	500	674
19	3886	1020	228
1	272	5	53
4	1735	20	2603
8	22	2211	1281
1	483	5	9
8	742	701	198
7	418	33	753
8	868	1129	198
8	151	501	299
8	627	2118	60
2	1028	183	383
4	540	20	541
1	1066	52	53
25	2456	1045	1000
1	1450	52	11
1	242	65	53
2	269	44	208
4	3632	108	188
1	3445	5	1955
8	273	2654	283
1	1854	5	47
3	802	803	1813	805
2	2220	183	14
2	1880	13	1881
19	2927	227	228
4	38	20	3320
2	931	183	74
8	1233	3008	283
8	627	3609	1078
8	229	1891	296
8	48	354	355
2	748	914	208
1	2240	65	53
4	702	650	4175
15	179	3855	107	3239
7	812	238	813
23	3489	3490	3491
15	179	3978	3979	190
8	273	552	396
8	585	391	299
1	1718	52	150
8	294	1844	449
16	1144	1698	1963
1	3398	52	70
14	2208	549	550
1	64	65	53
10	2094	2095	2096	2097
8	585	2616	296
2	378	44	674
3	1304	1305	1306	1307
2	378	44	872
1	2835	65	9
24	1080	1551	1552	1763
4	222	20	4361
16	286	2760	757
3	1713	1714	4223	1173
8	58	870	669
1	1718	65	47
7	2471	412	4640
3	2749	2750	1203	891
8	35	546	68
5	294	1089	68	1186
0	0	163	3492	165
6	4200	4201
1	547	52	53
1	741	5	9
8	551	3306	116
1	2248	65	53
2	2192	44	269
2	288	183	2294
8	229	510	449
8	516	991	283
2	3328	44	671
4	38	20	428
14	2119	636	1076
3	2503	2504	3361	1796
6	1271	2617
8	733	224	283
0	0	2652	4409	3658
5	229	2052	24	25
5	279	574	575	104
1	2606	5	53
1	1151	65	150
1	2919	5	9
0	0	2865	371	2866
3	2503	2504	2505	1796
0	0	1	2	3
2	578	44	865
5	416	1773	68	1186
11	1909	1135	1910	1911
16	4626	4627	757
8	40	2616	521
8	40	331	116
15	179	2245	2246	2247
8	281	1079	283
8	551	1440	91
8	185	1626	136
8	294	618	619
0	0	3380	632	3381
11	4138	4139	4140	1728
19	3455	227	228
1	483	52	150
8	273	1166	1078
2	1960	44	121
10	2412	327	2412	2413
14	960	789	790
3	760	761	762	763
1	1478	65	53
2	385	183	1429
1	601	52	9
1	1024	5	53
8	1939	1417	103
3	493	494	3240	496
15	143	2611	1817	248
16	1893	29	313
2	1169	268	931
15	179	3808	1494	3239
6	4488	1154
7	3926	33	2627
3	760	761	2988	763
8	294	2130	449
19	3997	227	228
2	625	44	1657
3	2942	2943	2944	2945
21	3010	4702	277
1	367	65	9
2	1169	183	1430
1	1246	52	47
6	2938	255
8	416	1634	521
7	641	33	519
6	1153	2331
8	297	2490	24
4	986	20	220
26	434	2728	509
8	585	949	521
16	286	3482	1080
3	15	16	17	18
2	674	44	654
8	151	2531	103
1	2330	65	9
15	179	1168	1167	658
8	868	312	159
2	2192	2193	29
8	166	1549	103
3	3280	3281	3456	1149
14	3392	3657	4236
7	2394	412	3365
3	2553	2554	4355	1740
1	3052	5	11
2	121	44	2281
16	1144	2286	313
28	1563	1564	649
18	2585	2586	356	1101
0	0	1077	467	790
8	390	441	169
3	937	938	3793	940
3	1713	1714	3954	1173
15	187	475	476	181
19	4681	227	228
3	1324	1325	3645	1327
13	2793	478	2794
8	545	2258	669
8	330	2707	296
6	368	1644
1	1757	5	9
29	0	2163	2164	2165
8	40	1676	50
8	48	1676	136
1	1388	8	11
8	1408	1623	575
7	32	33	34
2	3643	44	576
3	2125	2126	1546	1383
1	2233	1032	53
8	40	701	521
14	263	264	265
3	2304	1134	1133	1134
8	279	231	198
8	390	197	198
15	187	3355	2104	1928
8	1233	388	355
1	445	65	9
1	741	65	53
8	627	670	1078
2	2402	44	2403
2	2343	44	386
2	4464	44	1349
3	3533	3534	762	763
8	114	3776	60
9	412	2365	2366
1	556	52	9
1	249	65	11
8	330	1287	91
1	367	8	150
8	447	3168	60
2	378	183	379
8	585	864	24
15	143	4760	2182	1377
16	1551	2600	1080
6	1271	1272
1	320	52	9
16	286	1645	1963
4	1302	20	3013
25	2234	989	2675
8	157	391	136
27	451	452	4537
4	2880	20	3085
8	416	2008	60
1	3634	5	11
8	101	405	42
3	1850	1851	3361	1796
8	151	2795	283
0	0	2540	1353	2541
8	40	213	169
1	729	8	150
3	686	687	688	433
21	4725	4726	277
8	390	1624	159
7	1238	412	1239
1	3308	8	11
25	3668	1045	1000
1	3493	52	47
15	143	4657	4658	1928
11	1909	4558	4559	4560
8	22	1709	283
16	359	1046	757
15	187	1221	952	181
8	1233	3727	198
1	407	52	9
8	40	1660	116
10	3588	3589	3588	3590
8	1939	1940	42
8	229	712	234
29	0	2714	2164	4329
1	2140	52	53
2	2343	44	1622
8	194	4383	355
8	390	1649	498
3	690	691	965	693
15	179	3049	3050	1023
2	4716	44	437
1	1322	5	11
2	76	44	269
8	416	3125	42
25	2234	989	990
15	187	3873	3826	3239
4	356	20	2190
4	2363	108	2364
11	4068	3836	4069	4070
15	187	1816	1817	1341
1	2606	65	53
2	1334	44	911
18	2183	2184	299	2056
1	612	8	9
8	516	1741	521
8	151	1274	241
8	2952	2434	68
6	1337	2542
8	151	634	619
25	3127	989	2810
8	585	743	37
2	385	44	386
1	4359	8	9
8	185	2060	234
2	2570	44	105
4	1695	20	4652
8	742	2008	60
8	447	1328	498
5	1233	1693	521	25
8	297	1729	198
14	717	961	637
1	26	52	150
2	105	455	208
8	114	948	299
8	294	884	283
5	583	1693	521	1186
8	733	3655	972
15	187	4682	3817	1006
8	627	1343	449
16	1144	1188	1187
9	238	3070	3071
2	912	44	1809
1	1007	8	11
5	281	1537	669	1186
5	194	1537	443	25
15	187	3079	3080	1023
14	3671	3672	1120
8	529	1994	283
11	2085	2086	2087	2088
6	1491	134
7	663	33	4540
8	545	213	24
30	3137	3625	3138
8	58	2155	449
8	194	992	234
29	0	1557	2288	3813
3	1641	1642	1326	1327
1	4166	5	1955
2	387	30	2012
8	310	4162	50
10	3866	1504	4072	4073
7	1701	33	1702
19	3131	227	228
27	1425	452	1426
8	48	497	498
0	0	565	3492	567
1	4067	52	53
8	212	213	169
2	1841	44	2464
25	4016	3140	4017
16	3599	1661	313
8	35	701	198
1	211	5	11
8	1233	4444	449
0	0	1175	1176	1177
1	2565	52	11
25	3139	3140	3141
7	62	33	813
1	2704	5	11
1	225	52	11
8	185	2854	42
15	187	3126	189	658
8	114	2535	136
15	187	3825	3826	364
8	297	282	234
2	748	914	1619
2	671	44	672
1	1730	65	47
16	2391	1455	313
8	48	510	449
3	2771	2772	1487	1488
2	913	268	654
8	166	646	60
2	1329	44	1330
1	547	65	53
10	3769	917	918	3770
1	3445	65	1955
9	1181	55	56
7	1635	33	1636
8	279	2959	355
3	2376	2377	3313	2379
24	667	1551	2600	3012
18	701	4325	498	4326
1	3105	8	11
3	3280	3281	4119	1149
2	1349	44	1675
3	793	794	795	796
8	151	811	136
8	425	546	498
1	242	8	1241
29	0	1858	1875	3366
1	3105	65	11
4	381	20	382
8	141	3063	103
19	3811	1020	228
4	2634	20	80
15	143	3679	1927	399
1	1192	52	9
29	0	565	1218	567
1	1730	52	150
0	0	3317	2715	3318
9	1398	1666	1667
18	4686	374	381	828
7	2752	752	2533
6	133	2121
3	1820	1821	2687	861
6	2536	2537
20	593	3947	99
1	4267	5	9
3	553	554	533	534
1	502	65	11
16	1551	754	313
15	179	3561	3562	181
15	187	3305	3038	604
2	2840	44	2393
8	212	3125	50
8	1233	2261	103
3	2528	2529	2751	900
2	931	500	121
1	3894	52	11
1	10	52	11
5	583	791	103	104
15	143	1190	1022	1023
1	46	52	53
6	77	78
8	330	1152	521
15	179	1159	952	1160
3	1850	1851	4281	1796
8	155	3041	521
7	2394	412	2395
1	278	5	6
8	40	2230	355
7	580	33	581
8	114	517	355
7	4532	33	4533
1	2153	1032	53
26	434	2757	436
3	802	803	2450	805
4	37	20	2211
2	4056	44	2451
1	3654	5	53
8	58	115	169
5	35	4087	234	199
3	137	1208	1209	140
14	961	1984	493
7	237	412	4434
15	187	4742	1927	1806
8	114	1003	299
1	1840	5	11
6	162	3931
8	229	2827	1078
16	286	3592	313
2	3336	455	3337
2	1219	183	385
2	871	44	1553
5	157	3904	24	1625
19	4750	1708	228
1	1450	8	11
2	525	268	1867
2	1467	653	1468
8	166	2118	136
8	390	776	91
2	1009	500	1675
8	713	714	715
8	281	1249	24
6	77	131
8	529	1904	37
1	729	5	47
4	879	20	3276
19	3339	1020	228
7	1865	33	1866
8	273	389	68
27	451	452	4600
1	597	5	150
8	151	1825	396
3	1641	1642	3982	1327
8	516	332	42
1	1648	65	9
8	742	1693	68
8	273	862	283
19	4575	227	228
21	4700	4701	277
2	866	44	525
8	48	2830	60
2	378	44	1228
1	3105	5	11
3	1041	1042	2790	861
8	155	156	60
25	4275	1942	2001
19	4671	1708	228
15	187	594	657	593
1	2392	65	53
1	474	1032	2579
4	68	20	3373
6	2250	4690
16	286	385	313
3	117	118	119	120
3	81	82	728	84
14	1118	131	132
6	365	2121
15	143	3250	3251	604
0	0	4287	847	2738
6	27	4207
3	1988	1989	860	861
1	1248	65	47
1	556	5	9
8	48	811	283
8	447	963	1078
1	817	8	150
8	733	1106	972
22	4771	2748	286
8	1536	992	234
4	799	20	2212
3	2660	2661	506	88
2	1687	44	121
3	1041	1042	2687	861
8	212	3804	24
4	620	20	3824
4	558	20	3154
2	522	44	347
21	3159	3160	277
9	1181	4676	2016
9	54	1548	1548
8	22	1651	50
1	1838	5	53
16	1893	2815	313
1	1291	65	9
15	187	4001	4002	573
8	177	3431	116
2	807	44	1553
1	225	52	3438
3	137	138	4387	140
2	784	44	74
18	2655	959	799	512
1	597	65	53
3	4696	4697	2651	113
1	524	8	9
3	2779	2780	2781	1691
8	627	3041	159
0	0	565	933	567
8	279	1550	443
5	40	3218	37	1625
3	1103	1104	2609	292
8	58	59	60
0	0	4353	2715	4354
8	114	1700	159
16	286	2872	757
25	4764	1045	1000
8	185	1624	234
8	1408	3989	116
2	4623	44	625
8	390	670	498
8	733	963	1078
10	326	327	326	2829
8	101	148	68
3	1785	1786	3416	805
10	1123	1124	1125	1126
1	2805	65	11
3	1380	1381	1546	1383
11	3835	3836	3837	3838
13	3181	3563	3183
16	783	784	313
8	545	1260	283
8	166	3349	234
2	2470	44	269
9	1181	345	346
3	2149	2150	2189	534
1	2233	65	53
15	143	3359	1494	3239
8	157	622	498
8	212	2420	24
3	709	710	852	693
18	4749	4319	879	376
10	438	439	438	440
18	2957	2958	38	1101
2	348	653	1169
27	451	452	2843
1	968	52	9
10	2876	1504	1503	2327
1	1211	52	53
1	3308	65	53
8	733	3319	498
2	347	268	184
23	1652	1653	1654
2	31	44	1661
8	585	3166	449
8	155	1922	169
8	733	1292	68
25	2717	999	2139
15	187	3531	3532	1705
14	4249	1278	1279
8	1408	2133	24
8	22	1844	24
1	3445	65	53
8	1233	4383	355
1	3614	65	11
2	384	183	2491
3	661	662	83	84
1	3690	52	9
28	2029	2359	245
2	3328	44	1230
8	177	3335	296
15	179	4389	4390	1255
24	1080	286	1081	1082
15	179	4566	4567	1255
13	4323	478	4324
8	1233	2070	234
20	593	4240	99
6	133	3252
25	3430	999	2139
1	4288	5	53
8	868	1826	159
15	143	3713	1712	2038
8	48	224	136
4	702	108	2593
8	330	708	669
0	0	1038	1039	1040
1	427	8	47
8	733	884	283
6	1337	2124
2	2922	914	12
6	365	4337
2	45	44	872
21	1778	1778	277
6	2250	4698
1	1855	52	70
8	166	1489	198
2	806	44	807
8	742	2256	299
25	3189	999	4163
1	2929	65	9
3	3701	3702	2773	1488
27	451	452	4367
1	272	52	9
8	89	870	443
10	1587	1588	1587	2886
1	1788	5	11
3	1324	1325	4235	1327
29	0	1858	1875	2341
3	1988	1989	2386	861
2	182	44	1334
8	155	2926	521
16	286	2760	313
2	481	4366	1467
1	2805	8	11
9	2507	3447	3448
2	2293	44	3219
1	278	52	6
7	418	308	419
2	31	44	3452
25	2903	1045	1000
15	143	2188	756	1705
8	1902	971	972
2	267	44	3427
3	1146	1147	3556	1149
8	194	1417	103
7	4624	33	3634
0	0	565	1502	567
2	1028	183	184
1	2367	52	53
8	166	2418	68
7	694	238	1158
16	3304	1656	313
3	1324	1325	1326	1327
1	2252	1032	53
8	22	720	68
8	232	102	103
6	1083	1944
10	1802	72	1802	3403
2	1809	44	2360
15	143	3109	1857	2247
8	2952	927	42
18	3426	4606	1281	4499
8	157	2418	116
8	545	1384	37
26	434	2787	509
8	157	618	619
3	1641	1642	1643	1327
0	0	565	1524	567
20	593	798	99
1	3493	52	150
2	2281	44	569
15	187	3331	1817	1006
1	3975	5	9
1	1288	52	47
8	294	3904	24
8	310	745	42
1	610	5	150
1	483	52	53
8	425	1606	37
6	3670	1347
8	1939	442	42
1	1459	52	9
2	352	44	569
1	1212	8	9
9	4304	3924	3925
8	330	655	234
8	229	1892	283
8	390	2888	91
4	42	20	1274
8	310	2552	169
10	1012	1013	3995	3996
1	2035	52	243
8	166	167	60
6	1083	3527
9	1181	4104	4105
16	286	4573	3157
27	451	452	3833
8	390	811	283
8	310	2457	615
4	136	20	1069
7	1596	33	3256
8	151	668	669
1	2372	65	9
8	151	2499	615
8	742	2123	169
1	211	65	11
8	273	1566	159
1	2370	8	70
8	1852	3394	103
2	1290	44	1656
7	4045	2637	309
8	733	776	449
15	143	4046	2984	903
21	1889	4772	277
15	179	2459	603	604
25	3342	989	990
1	1246	5	53
1	1388	5	11
11	3915	3687	3916	3917
10	1802	72	1802	1803
2	106	44	912
8	551	1776	521
14	961	549	550
8	733	1174	615
25	1682	334	1683
1	367	52	150
5	416	1773	68	25
19	3164	1020	228
1	2131	5	53
8	516	1484	37
1	1684	52	150
1	1894	5	9
8	1536	142	103
2	1584	44	2293
9	344	459	460
1	1288	65	9
1	483	8	150
8	166	623	449
8	551	1442	42
8	310	2468	116
8	89	3728	136
8	35	3299	91
8	151	1655	91
2	1657	500	535
8	48	406	37
1	3634	8	11
24	313	286	4216	4217
8	212	3279	169
8	48	4055	116
7	2532	1197	2533
4	2398	20	3326
6	608	2331
8	281	142	103
0	0	3864	3060	3865
7	1111	1112	4266
1	483	8	47
3	858	859	860	861
15	179	1926	1927	1928
0	0	3864	3432	3865
11	3686	3687	3688	3689
2	768	44	769
3	793	794	4613	796
14	2098	3225	132
4	2143	20	1710
6	4462	4463
8	185	646	1281
3	2304	1134	2305	1134
1	3020	8	9
1	3020	52	9
2	1647	268	208
3	2149	2150	1333	534
2	1661	44	1155
8	177	2592	24
1	2249	65	53
13	477	478	479
7	418	33	419
2	437	44	45
8	114	1994	159
8	545	1129	198
26	507	4172	4649
16	435	1477	607
1	1845	8	9
8	868	613	296
21	2300	3344	277
15	179	2673	1957	1006
7	3964	238	1905
8	297	380	68
8	273	3147	68
28	1207	704	702
14	635	926	132
16	1314	1315	667
2	654	44	45
15	143	247	192	248
6	1271	2542
2	1662	44	1363
19	1019	1020	228
8	416	1128	241
16	286	4276	4277
8	330	2230	355
8	310	454	521
8	416	2123	169
6	1473	840
1	1469	5	53
16	3599	3600	667
0	0	1814	643	1815
7	2636	2637	2627
5	177	1174	615	25
8	868	2539	91
8	733	2975	91
10	2567	2568	2567	2569
8	416	2258	116
2	1432	183	872
8	416	1418	103
8	155	689	355
4	540	20	2128
1	3493	65	150
19	2053	227	228
2	4437	653	2013
1	2882	52	11
4	2634	20	2635
2	105	44	288
8	551	3199	498
24	757	286	3735	3736
0	0	1038	2907	1040
15	179	3047	126	2247
15	179	2358	935	245
8	416	240	103
1	2400	65	1955
8	166	951	296
2	652	2077	385
8	330	441	198
8	310	2457	136
16	773	3273	757
4	222	20	1716
1	736	5	47
7	237	238	239
3	553	2061	1356	534
8	229	1533	103
2	43	44	45
0	0	3597	3912	1849
14	4301	3862	3863
1	3411	8	9
8	868	948	498
3	4312	4313	3788	2721
8	157	274	37
3	1324	1325	3982	1327
9	344	2670	2671
4	2322	20	1264
15	179	893	894	181
3	1750	1751	3404	684
12	4079	99	4080
11	489	873	874	875
8	151	295	198
8	3552	2953	3119
1	2587	52	1955
1	1532	8	11
1	225	5	11
8	35	1995	60
1	1025	65	47
6	27	28
8	529	298	159
8	89	574	575
8	22	4286	136
8	447	1825	299
12	754	704	2841
1	1838	5	11
8	733	354	159
10	3387	3388	3389	3390
14	961	961	637
8	868	282	68
8	273	1499	972
2	522	44	121
1	1819	65	53
2	74	75	76
6	77	4393
8	297	2601	24
8	390	1070	42
8	1233	1234	443
2	76	183	29
16	4011	4012	667
2	481	183	535
27	451	452	4449
8	1408	543	42
1	1761	5	47
3	1199	1200	2523	1202
8	166	1660	60
8	157	2457	24
3	3746	3747	1415	1383
8	3552	1031	42
8	310	2008	159
11	4068	3836	4474	4070
18	4598	2727	38	828
15	179	4674	4675	573
8	516	1035	42
2	806	706	1467
1	3048	52	11
16	286	4283	667
3	2718	2719	2720	2721
2	31	183	3152
1	3614	52	11
8	294	1308	116
8	529	1003	299
8	545	2814	116
1	3619	65	53
2	2509	268	269
8	310	562	241
8	310	2707	615
14	1431	789	790
8	48	2707	116
8	48	454	521
2	1396	183	2192
2	3716	183	654
8	212	3218	37
2	1841	44	913
1	1718	65	150
8	330	3129	669
8	155	617	296
2	1498	2077	269
26	434	4212	3036
1	3412	5	53
2	29	30	31
1	741	52	53
10	1178	1179	1178	1585
4	1167	108	4092
0	0	163	3504	165
8	416	670	498
8	551	2243	169
6	1083	2542
15	179	3840	702	245
8	529	2601	24
20	245	934	99
8	114	617	296
8	101	3786	103
8	1164	543	42
1	1322	65	11
1	1236	5	9
15	187	3938	1927	248
5	297	1418	198	1186
10	1587	1588	1587	4637
29	0	3317	2164	3318
13	469	3895	4244
8	281	1384	60
24	757	1144	750	3102
16	605	606	1463
9	344	1216	1217
7	3104	308	1087
15	143	2181	2182	658
1	3020	65	9
10	975	974	975	3294
16	286	2550	757
3	2389	2390	4755	2274
7	3948	238	3211
13	1929	478	1760
2	1560	44	2393
3	430	431	4451	433
2	652	653	654
15	179	1703	1022	1704
14	2039	549	550
10	916	917	918	919
2	807	44	1675
27	451	452	4591
2	1047	44	347
8	551	2348	37
6	1631	1632
4	1010	20	3377
26	1225	1226	3215
6	1337	134
4	487	20	4441
6	1138	1139
2	1462	44	569
9	3923	3924	3925
19	3611	227	228
3	1820	1821	860	861
2	1951	44	1028
18	2211	3780	1281	2056
8	35	240	241
15	179	4246	3073	181
8	273	2868	498
8	177	1649	615
1	2078	5	47
8	114	1129	234
2	2887	183	2299
3	1785	1786	1813	805
6	2519	255
8	742	2501	449
1	1236	8	9
0	0	1057	371	1059
1	524	5	9
1	46	5	47
8	551	947	60
8	229	562	241
8	294	2845	283
2	4401	914	1467
8	1423	1946	42
8	294	1287	91
8	310	947	498
1	568	5	47
3	2764	2765	2766	2767
8	551	424	241
2	2570	44	74
3	2571	2572	2573	1605
15	187	3117	3073	190
8	1294	233	234
14	1823	909	910
20	257	4616	1437
1	3042	8	70
2	208	287	288
1	3894	5	11
1	601	8	9
8	330	331	116
2	481	44	383
18	1733	1734	1735	376
8	157	3199	669
4	94	20	95
8	545	3057	136
8	310	1316	355
1	3270	5	9
16	174	175	176
8	40	1287	91
1	817	52	150
2	1363	914	867
1	610	8	9
4	986	20	4018
2	288	747	2900
8	166	2468	136
15	179	4476	4477	573
1	1545	8	70
0	0	565	3767	639
1	1240	1032	53
3	937	938	939	940
3	1146	1147	2455	1149
13	2159	3002	3003
1	556	5	47
1	293	52	150
2	1009	44	1422
25	4666	4667	1683
6	3301	1445
7	418	238	419
8	297	3567	299
17	99	245	4422
2	2831	44	1330
0	0	876	1722	877
8	1934	2082	68
8	585	3464	24
6	2250	1967
4	4238	20	4239
11	1996	1997	1998	1999
0	0	549	636	3510
21	2447	2448	277
8	1939	3700	42
8	166	1090	669
6	1631	1163
0	0	876	632	877
16	3367	3248	313
2	480	44	481
6	1631	1754
1	1265	52	11
14	961	789	790
2	269	914	2393
21	1472	3665	277
8	330	2669	498
8	583	791	103
14	130	1259	132
24	667	3626	3627	3628
8	279	574	575
6	27	4190
8	425	1547	449
8	390	1328	91
19	4608	1020	228
20	2073	2074	1437
8	1536	1357	103
14	636	549	550
1	817	65	9
8	114	3166	449
1	1614	52	11
15	179	934	935	245
2	2285	44	383
0	0	3005	3005	3006
1	1948	8	243
5	733	2654	234	199
15	143	109	107	3239
8	1164	1697	68
8	151	1864	116
4	3039	650	3040
15	179	2666	2667	2038
23	303	304	305
2	3714	44	778
8	583	1357	103
8	157	2706	1078
4	2253	20	2354
5	212	655	234	1186
5	22	3426	1281	104
8	627	1914	103
6	2895	2896
3	137	1208	2054	140
3	690	691	692	693
8	1164	2070	42
3	4541	4542	1306	1307
2	353	44	578
18	2236	3067	136	3068
20	593	2495	99
29	0	2877	2164	2878
4	283	20	2742
8	585	586	159
4	2090	20	2262
8	545	2236	299
20	245	740	99
8	297	574	103
3	2660	2661	2940	88
2	577	44	569
1	293	8	47
9	3258	1067	2923
4	206	108	3981
8	273	3061	24
8	212	3348	283
3	1785	1786	4756	805
3	81	82	83	84
1	1205	52	53
3	1783	1784	860	861
3	2510	2511	2189	534
1	3454	5	53
19	3192	1708	228
2	1048	44	288
8	281	1484	60
6	1706	1034
2	3043	44	672
8	310	321	296
8	177	23	498
9	1181	2911	3009
10	2290	837	836	4356
2	2285	44	674
10	2681	1887	1886	2682
2	3300	44	76
8	157	1464	396
15	179	2853	257	2038
1	1007	52	11
26	358	2588	2589
1	1977	8	243
26	2786	2713	509
2	3452	183	4711
9	4448	4309	4310
21	2447	4689	277
7	751	752	753
8	330	1913	669
8	310	655	234
3	1146	1147	1827	1149
8	551	623	1078
9	3258	3763	3764
8	1423	1031	42
20	593	1404	99
0	0	3657	2715	3658
8	212	1634	521
4	3058	20	3059
0	0	2540	1176	2541
8	89	3413	24
3	1095	1096	1097	1098
8	310	1090	136
8	585	1994	159
2	499	914	1143
8	733	634	972
1	3839	5	53
24	607	1528	4194	4195
6	365	3644
8	114	312	136
15	179	901	902	903
7	2802	3093	2803
4	702	108	2853
4	2694	20	3999
27	451	452	3955
0	0	559	560	561
8	416	2235	296
4	50	20	2024
6	27	57
2	4230	44	208
8	40	3170	50
4	952	650	2851
6	368	2740
8	177	2347	521
1	524	5	53
1	1845	65	47
8	40	1773	68
18	734	3907	355	3908
21	1778	3190	277
1	3580	52	9
8	585	1995	136
3	2930	2931	3417	796
1	2924	65	9
8	58	90	355
8	151	1624	24
21	1889	4570	277
6	1271	4109
16	174	1869	1870
8	185	1069	68
3	4145	4146	2781	1691
14	1365	549	550
19	4211	227	228
10	3890	3891	3890	3892
2	340	44	341
6	4233	4234
14	2098	977	978
4	558	20	1562
1	1761	52	47
8	151	1891	1078
2	1262	44	106
8	273	1655	2756
7	663	33	664
14	548	1984	493
8	48	41	42
8	177	224	50
8	185	3578	355
2	2818	44	625
18	3666	3667	669	2056
15	143	362	363	364
10	4723	4724	4723	1531
29	0	1847	3346	3347
4	2322	20	4584
8	551	2079	68
16	2009	1396	313
8	155	1127	498
8	101	102	103
8	35	1421	68
0	0	1721	1722	1723
8	166	2221	669
8	447	564	103
2	1885	44	867
8	194	388	24
4	1742	108	1969
7	1067	33	1068
6	3638	2826
8	89	298	575
8	330	1056	669
2	1363	914	872
8	416	1598	37
2	348	653	522
6	3648	840
15	187	1375	1376	1377
8	157	2328	521
8	447	720	68
8	22	600	498
6	365	4670
2	1009	3830	654
4	669	20	3582
8	447	501	103
9	54	4220	4221
4	879	20	880
15	143	3707	3708	1377
1	3203	5	53
20	2073	2566	1437
8	89	442	443
1	863	52	9
26	507	3902	509
6	2895	4082
4	107	108	109
8	151	841	299
15	143	3985	3986	573
6	2250	2289
2	3284	44	871
8	733	1439	24
8	529	2475	669
1	1007	65	11
8	585	2539	521
7	4485	238	3476
16	2329	3545	313
7	1410	1411	1412
8	114	2601	42
16	3408	3409	2894
2	913	653	385
0	0	565	1586	567
8	529	2475	42
8	416	2230	42
14	2136	1278	1279
1	1342	8	11
6	1162	1283
19	582	227	228
8	310	1343	615
8	294	628	619
1	64	52	70
3	3096	3097	2334	88
4	799	20	1925
15	187	602	603	604
1	2565	8	11
27	451	452	1789
1	3703	5	53
8	114	2463	355
1	597	52	150
3	1146	1147	1148	1149
8	390	3021	136
2	105	44	106
3	2614	2615	3982	1327
4	1435	108	2195
5	58	1001	159	1186
8	425	1515	103
6	3970	1347
25	4578	989	4579
2	913	268	385
1	547	5	9
9	1398	4676	2016
1	4166	52	53
4	1302	20	1303
8	294	622	50
8	194	195	116
1	1025	52	150
8	166	943	521
15	187	3932	702	245
15	187	2113	2114	573
7	1590	33	1591
1	3903	8	70
1	764	8	9
16	783	4595	313
12	2029	99	246
15	187	3696	3697	810
4	513	514	515
8	155	2616	296
1	1288	8	150
5	742	734	355	199
26	358	3633	360
4	3585	20	3820
7	1029	472	4266
14	2039	636	637
4	1194	20	3358
10	125	124	2977	2978
18	3290	2154	1010	1873
3	3918	3919	3920	3921
1	474	65	150
15	179	3044	3045	1704
1	1025	65	9
1	474	65	53
8	279	280	159
2	347	268	931
5	101	102	103	104
1	1288	52	150
9	54	1506	1507
8	151	321	296
8	297	724	198
5	151	2351	1078	1625
8	58	2647	449
7	641	412	1088
19	4494	1367	1368
2	12	13	14
8	330	1421	234
1	1450	52	53
4	797	650	798
0	0	2105	1317	2106
17	191	1022	2517
8	40	611	521
6	1271	2297
8	194	4064	355
6	1256	1257
0	2441	2442	2443	2444
2	3663	30	29
2	105	44	911
4	4455	3230	479
1	7	52	9
7	2626	238	2627
2	31	268	269
13	2143	4250	3733
3	1745	1746	1690	1691
1	3493	65	9
8	40	1204	136
6	1318	2066
0	0	1	3914	3
2	236	44	1618
1	1724	52	53
8	89	1484	37
1	817	5	47
1	2924	8	9
29	0	3657	2164	644
4	153	20	3459
4	2253	20	2254
25	4256	1045	1000
21	2300	2301	277
8	166	1744	103
4	2682	650	3333
20	702	3639	704
6	133	1944
6	1271	2121
4	620	20	4685
2	29	75	2192
2	3486	44	779
25	4416	1045	1000
8	447	4286	136
1	1360	5	9
2	1363	268	481
9	1398	1949	1950
15	179	3807	107	3239
8	229	2677	60
3	504	505	2017	88
1	4159	5	53
4	1957	108	2593
2	2192	268	269
8	166	2255	116
8	297	948	299
2	3198	653	1881
29	0	565	1218	639
7	2368	33	2369
1	446	52	53
4	498	20	1273
16	174	792	607
5	151	2351	1078	1355
6	2590	2792
1	2924	5	150
7	4181	4182	1030
8	868	3103	669
1	2705	8	11
18	2118	3241	136	3242
8	185	1439	24
8	733	2079	283
15	179	1479	1480	248
8	166	2284	296
4	2253	20	3647
8	157	2729	24
8	212	1489	198
7	4504	1411	1412
16	359	4510	757
26	434	3618	1227
25	4650	989	2675
2	2743	268	2744
2	3731	44	121
16	1144	1188	3815
2	768	44	2281
23	2520	2521	2522
0	0	2652	2715	2653
1	722	8	11
8	310	680	136
2	1009	268	674
19	4385	1020	228
21	2010	4251	277
5	330	734	355	25
1	61	5	53
7	3516	752	3517
22	1578	1579	1580
8	185	1284	37
8	551	152	449
7	2889	33	4677
8	425	426	198
25	4528	999	2139
8	545	712	283
3	1500	1501	1372	1373
0	0	3046	1502	468
21	1471	2202	277
4	2621	514	953
6	608	609
11	4653	1108	4654	4655
22	3949	1579	286
8	185	2739	50
0	0	2699	3400	4051
8	35	617	296
7	3948	33	3211
21	2010	2011	277
29	0	1523	1218	4370
1	474	52	47
8	279	3309	68
8	551	377	299
3	2166	2167	3954	1173
15	143	3268	657	593
9	1181	1182	1183
8	166	930	234
8	151	1106	60
4	107	108	3855
3	1688	1689	1690	1691
6	1318	2124
4	1358	20	4660
3	2277	796	4613	796
8	58	59	37
8	1233	1729	116
1	1025	5	9
8	279	380	169
8	89	90	91
8	1164	142	103
18	2662	2405	2634	828
8	157	862	136
8	516	1210	575
10	2997	2996	2997	3889
2	944	44	1028
3	1370	1371	1372	1373
1	2248	8	11
8	294	2739	50
8	1408	1921	37
2	29	44	208
1	293	5	9
14	635	1984	493
18	2025	2026	375	1873
8	177	1651	283
26	434	4172	4649
7	2099	33	2100
8	273	1818	91
6	3325	840
29	0	466	4008	468
16	4633	4634	1080
15	179	4362	3720	1160
8	297	280	159
1	1291	8	9
8	416	3021	283
2	97	44	3269
3	137	138	2663	140
19	2452	227	228
3	3990	3991	506	88
19	4368	227	228
0	0	3399	3173	3226
2	269	653	208
8	627	325	283
3	709	710	692	693
2	871	44	872
2	2470	44	1334
0	0	466	467	468
8	151	2052	91
3	2614	2615	4235	1327
8	114	3348	449
24	757	174	1869	3782
14	1823	1509	1824
2	707	44	579
8	1423	1424	42
4	206	108	207
15	187	4210	201	810
8	166	244	103
2	2013	653	29
15	187	3022	3023	1705
5	551	2574	2575	1186
8	742	1420	116
4	2682	650	3928
3	1785	1786	2753	805
4	799	20	1037
21	2758	361	277
1	1025	8	9
8	151	2531	283
8	151	152	91
8	157	1829	37
9	472	844	845
1	1336	5	53
8	35	3279	169
6	839	2041
1	2249	5	11
1	3634	5	53
16	3262	3263	313
4	356	20	1903
1	1977	8	150
8	1939	4191	103
8	390	2063	355
8	185	224	283
15	179	3800	1435	1341
1	2225	52	70
8	733	4019	24
8	155	767	91
2	535	429	437
9	472	4309	4310
5	627	3433	449	1355
18	3168	3907	136	537
2	45	44	674
8	22	2046	24
6	2785	1347
1	1213	5	53
8	330	41	42
8	545	546	498
8	155	213	24
1	2392	5	11
15	179	719	3188	1806
8	157	1316	241
8	1233	2708	91
2	2220	183	1296
8	194	3063	103
16	286	3482	667
4	1301	108	4404
2	92	44	672
15	143	695	696	248
2	2741	44	2340
1	445	8	9
18	501	536	299	537
4	702	108	2841
9	3069	3070	3071
1	1718	52	47
6	2179	2973
1	3637	65	11
1	1052	5	53
1	1240	52	53
8	585	2918	521
8	229	1089	1078
9	1181	2497	2498
14	2890	789	790
1	1659	52	11
26	2786	3902	509
2	184	500	121
1	1449	52	53
2	352	44	236
2	379	44	544
3	2930	2931	3051	796
8	447	3147	1078
7	694	238	413
20	702	1207	704
7	1596	238	3256
2	182	44	3452
18	3774	3775	2880	512
4	1541	108	2538
21	275	936	277
1	1151	52	47
8	40	3348	234
1	849	52	70
16	174	3004	607
11	2018	2019	2020	2021
26	2786	1528	1646
8	48	1914	396
8	273	1439	42
1	2964	8	11
1	1066	8	11
8	529	1456	449
7	1156	1411	2048
20	245	3932	99
1	3356	5	53
15	179	2156	2157	996
16	286	595	596
4	1857	108	3109
1	1757	65	9
18	244	980	136	981
8	529	244	136
8	404	102	103
29	0	1984	2288	493
2	1214	44	347
2	578	44	579
7	237	33	4434
21	1889	4186	277
6	77	134
15	143	4395	4396	1806
16	286	3847	1080
24	757	286	314	835
10	4131	3681	4131	4132
8	151	3064	136
3	1877	1878	4360	684
5	273	1174	103	199
8	627	930	91
8	310	1474	159
27	451	452	3853
0	0	3075	3076	3077
21	1889	3165	277
1	1718	5	9
8	273	723	136
15	187	4684	2769	399
8	1934	2947	355
8	516	135	136
8	868	4467	37
8	627	1056	103
18	962	2055	355	2056
20	2073	3186	1437
15	143	3976	3977	399
26	358	3633	2589
8	627	1987	619
16	2897	673	667
8	48	708	198
1	3236	8	9
15	143	144	145	146
2	3606	44	672
8	390	520	521
15	179	4569	766	1705
14	2098	926	132
18	971	783	68	4300
8	281	1409	234
2	3564	455	3198
1	1066	65	11
8	157	929	136
2	3859	914	1363
18	4751	3796	558	512
18	3896	2197	1695	828
2	1976	13	14
8	35	2120	296
3	81	82	1094	84
3	1785	1786	1633	805
3	289	290	291	292
20	593	3268	99
2	4705	183	2299
1	3048	65	11
15	179	260	261	262
4	1695	20	4762
19	4321	227	228
8	185	4022	24
1	51	5	53
1	1614	8	11
8	279	1252	42
2	725	44	43
2	2969	1323	208
6	1337	2617
1	272	8	9
9	54	4134	4135
8	151	274	37
9	238	699	700
2	1028	183	1396
25	2049	2050	2051
8	273	2845	68
20	593	3303	99
8	281	1003	575
2	525	44	707
16	3408	3409	3410
8	416	41	42
20	702	4180	704
3	289	290	1105	292
21	2010	2122	277
19	2276	227	228
6	3110	3111
1	2770	52	53
2	1809	44	121
8	281	1606	521
8	733	1829	159
8	868	1994	283
16	2897	2898	313
4	381	20	4018
1	1730	52	9
8	151	3874	103
2	3271	183	2299
4	1541	108	2111
5	40	734	355	25
7	3257	3503	3118
0	0	3535	1353	3712
1	367	5	150
9	238	1666	1667
8	141	4007	116
1	3903	52	53
3	1103	1104	1105	292
1	2153	52	53
8	48	3220	498
6	254	255
7	641	33	1088
8	185	1166	24
8	177	321	68
11	4278	2266	4279	4280
9	2014	2015	2016
6	1271	3973
1	10	65	11
8	151	1970	241
5	151	3847	50	199
15	187	3343	107	3239
15	187	2856	201	202
19	4497	1708	228
8	281	2226	91
29	0	1038	1875	1876
8	294	2706	449
8	529	1729	355
15	143	2754	2755	604
8	166	321	296
2	2679	455	2680
21	2337	3941	277
8	733	1842	198
16	435	4004	667
0	0	1038	4116	1040
1	2489	65	150
8	527	67	68
4	702	108	3840
15	179	3259	3260	1255
25	4059	2050	2486
8	40	415	299
1	764	8	47
2	2360	44	1647
14	1431	549	550
4	1541	650	3956
1	2971	52	11
24	1080	286	3482	1763
8	733	49	169
7	1114	33	1087
26	434	2577	4078
6	3942	1644
13	4202	3002	4610
2	1230	44	705
3	1820	1821	1493	861
10	1178	1179	1178	1180
8	390	3898	24
8	733	2474	355
6	2612	2542
8	425	1328	449
8	529	1451	449
8	48	3064	296
2	2901	455	2679
18	2473	2595	103	2596
2	2451	183	654
8	390	963	234
4	952	650	3546
8	529	1384	169
4	79	20	3154
2	2293	44	579
4	2634	20	3193
1	2508	65	53
7	3516	412	3517
5	157	1354	37	1355
15	143	3694	160	146
2	2492	44	43
8	390	1672	60
20	245	2496	99
8	1408	1357	103
1	1336	52	53
8	733	3171	37
1	306	65	53
2	300	44	1619
19	2965	227	228
2	2107	44	2108
1	2948	5	9
2	3452	44	106
8	1934	2836	116
1	1015	65	47
0	0	3046	775	468
1	2370	8	243
4	160	108	161
2	1430	653	1169
8	229	3348	91
4	381	20	2445
2	2360	44	1396
2	3693	44	106
15	187	4044	107	3239
8	194	3032	234
11	1979	1980	1981	1982
8	281	1613	42
8	212	2256	91
8	279	599	91
0	0	3399	1039	3226
3	4145	4146	1747	1691
15	187	4247	1435	1341
4	1517	20	1710
5	529	2115	103	104
8	627	274	37
24	757	783	1671	3968
4	1010	20	1839
9	54	1582	1583
3	2389	2390	2273	2274
1	1615	52	53
11	2857	2858	2859	2860
4	540	20	1569
8	166	1864	283
1	320	5	47
2	1687	44	347
8	447	3666	669
6	1271	3112
8	89	1968	283
6	77	1912
7	1111	1112	4388
1	950	65	1955
8	742	2950	521
26	358	1144	360
0	0	3748	467	3749
1	2466	52	243
2	76	13	208
8	229	230	103
2	437	44	654
2	2232	44	931
1	556	8	9
2	288	268	29
3	2332	2333	2334	88
1	278	65	53
1	367	8	9
14	3066	961	1658
14	1431	1259	132
7	3257	3503	2432
1	878	5	9
1	1288	65	47
3	937	938	2135	940
1	612	52	9
1	863	52	47
18	1874	1497	381	223
6	2349	1445
7	1029	472	1030
10	2567	2568	2567	4118
8	281	1547	42
8	212	655	234
2	577	44	2741
9	1181	1666	1667
7	1701	33	3476
3	1475	1476	533	534
8	425	2968	169
6	1318	4164
0	0	2761	3432	2763
8	157	3874	169
4	558	20	1581
1	1764	8	9
10	1519	1520	1519	1521
8	551	716	241
16	605	606	176
7	459	33	464
8	585	2601	42
4	799	20	2905
9	2002	2003	2004
14	960	1984	493
11	489	873	4577	875
8	58	1693	68
24	757	2989	2990	4699
18	1515	1516	1517	1518
8	627	1287	91
25	3755	1045	1000
10	2290	837	836	2291
1	2225	8	70
4	1899	20	3831
4	2800	20	3684
5	330	3218	37	1625
24	313	286	3592	3593
16	174	792	1463
14	1258	1259	132
8	551	2499	669
19	3369	1020	228
3	2332	2333	2628	88
8	310	622	68
24	1080	359	3695	3816
1	4288	65	53
19	626	227	228
19	3803	227	228
7	1701	238	3476
1	414	52	70
6	1271	4736
15	187	2816	2817	1928
7	2408	1086	1669
8	390	668	669
5	742	734	355	25
8	22	1174	615
1	2924	52	53
14	1258	131	132
27	451	452	4381
8	390	2221	116
1	3642	5	53
1	2835	65	53
1	2091	5	11
16	665	4454	313
8	310	486	198
11	2057	1997	2058	2059
1	3391	52	53
3	2548	2549	1094	84
3	4168	4169	4170	3884
6	2022	2023
6	1282	2336
8	232	3063	103
7	2471	412	2369
15	187	256	257	258
4	209	20	210
3	117	118	2030	120
2	3887	44	4227
16	286	2393	313
8	151	1308	116
14	960	961	637
0	0	370	1058	372
1	474	8	150
7	411	472	2725
1	950	5	53
1	1447	52	53
1	3690	65	9
15	143	4205	1966	996
0	0	1038	4415	4372
5	40	1150	60	104
5	48	197	198	199
3	3881	3882	3883	3884
2	865	44	866
7	2471	412	2472
8	35	415	103
20	245	3272	99
3	661	662	3789	84
2	385	183	654
8	551	325	159
25	4552	1045	1000
6	1271	4688
4	1899	20	1696
18	2550	3662	169	2056
4	79	20	4107
1	320	5	150
26	507	4172	1646
15	143	4585	4586	1255
1	427	52	150
15	143	4136	4137	1377
8	551	881	299
2	43	44	2492
4	3073	20	3074
8	22	564	103
8	58	244	136
26	358	4214	360
1	849	52	53
1	1614	5	11
4	1286	108	397
1	597	1032	53
8	157	3898	498
6	2179	3802
13	1140	1513	4185
24	313	286	314	315
1	483	5	150
8	212	2913	169
8	157	158	159
16	783	971	313
1	1615	65	53
24	607	174	3435	4195
8	281	259	136
1	242	5	53
2	383	44	535
5	310	963	234	104
8	297	3557	521
15	187	1543	1544	1255
10	4775	2561	4775	4776
1	1071	65	53
8	1233	2127	24
15	179	161	1340	658
8	1408	135	136
8	166	486	198
14	2302	1259	132
1	1071	52	9
8	58	1384	575
8	330	156	1078
3	2571	2572	4599	1605
2	2524	268	4644
2	3693	44	2232
3	3081	3082	4565	1173
8	627	3064	136
18	2535	3179	136	3573
14	717	789	790
8	35	966	299
6	1083	2121
8	166	2063	355
1	3354	65	53
9	4041	4042	4043
8	185	720	68
8	273	2706	241
6	3942	2749
1	3042	52	70
1	950	52	53
15	143	3888	1167	658
8	281	2303	68
19	4767	227	228
1	1648	8	150
15	187	4128	1022	1341
8	1164	4007	116
2	769	44	1262
8	281	1001	159
8	310	41	42
8	3133	2875	103
3	690	691	2970	693
0	0	3046	3504	468
8	416	2888	116
7	812	33	1905
16	435	758	313
14	635	131	132
8	529	3166	42
8	2702	148	103
3	430	431	432	433
1	2275	5	11
3	2771	2772	1868	1488
2	2012	268	2013
8	194	1537	443
8	330	3218	37
8	1164	1165	91
8	447	3214	299
1	2252	65	2579
2	97	44	383
3	531	532	1333	534
8	294	3349	521
8	390	1379	136
21	1889	1890	277
4	206	108	2629
5	294	1374	116	199
25	988	989	990
1	1291	52	150
8	1294	3700	42
8	425	2501	68
8	273	463	234
4	38	20	928
1	474	5	9
8	585	492	449
8	155	3974	521
23	1366	3182	4656
9	54	1457	1458
15	179	2983	2984	1006
24	1080	2989	2990	2991
1	1684	5	47
25	2797	1045	1000
8	447	3199	669
19	3334	1708	228
2	96	44	1429
0	0	565	775	567
1	474	1032	53
8	281	2539	91
20	257	1436	1437
6	1609	1610
1	2466	5	11
6	1271	2289
8	1536	3032	443
14	908	909	910
8	583	2070	234
6	2250	2867
3	137	1208	139	140
8	185	3904	60
4	153	20	154
1	2275	8	11
8	1536	1079	24
8	390	3847	50
8	58	574	575
8	551	1266	234
1	2240	65	11
2	1349	44	779
8	627	680	396
15	143	808	809	810
13	127	3182	630
16	1780	218	313
1	741	8	9
6	3301	825
8	627	2158	116
15	187	3684	1833	262
15	179	2851	192	903
0	0	163	164	165
0	0	3911	2737	3913
8	447	1354	24
2	660	44	122
8	1408	1962	449
1	3752	8	9
9	54	3447	3448
27	451	452	1779
1	474	5	53
8	177	1825	396
1	2372	52	9
2	912	44	2192
8	229	1677	42
8	185	1526	198
8	279	3008	283
25	1923	999	1924
2	3543	1323	208
6	1162	1163
2	437	44	2340
3	1785	1786	2187	805
8	390	406	169
3	1877	1878	2796	684
9	344	4237	3009
0	0	163	1502	165
3	430	431	2993	433
7	237	3175	239
1	612	65	53
8	551	1284	241
4	620	20	2735
3	1103	1104	3434	292
8	529	1484	136
6	365	2269
8	114	3974	669
8	151	3898	498
5	1294	992	669	104
25	2318	334	1683
8	3133	3414	234
20	245	765	99
3	709	710	711	693
1	1686	5	11
7	1156	1181	1158
4	2398	514	2399
2	300	44	301
3	504	505	506	88
18	2544	2545	136	2546
25	3001	1045	1000
3	2185	2186	965	693
8	2702	2703	116
8	447	1439	42
25	4509	1045	1000
1	3591	8	9
25	1694	334	1683
15	143	4193	3090	810
3	4554	4555	4615	4557
15	143	3368	160	3239
1	2835	5	53
1	2171	65	9
18	373	374	375	376
8	868	2256	42
1	2388	52	47
8	35	951	24
8	48	3433	449
8	229	1549	103
7	1029	472	4388
4	1184	20	2672
7	694	238	2960
8	551	2046	42
10	1125	1124	1125	2604
2	932	44	768
8	294	3299	498
4	1985	20	2465
15	179	2103	2104	1928
2	3714	44	4493
2	913	183	866
6	3648	3649
2	2403	183	269
21	4782	4783	4784
14	1118	1119	1120
2	591	183	592
8	48	1266	669
8	627	1598	42
19	1366	1367	1368
8	1164	1935	443
8	404	2353	68
8	583	2708	283
1	3379	52	9
8	35	1418	103
19	4733	227	228
2	353	44	671
1	1788	1032	53
20	593	594	99
0	0	1570	886	3226
1	526	52	9
9	1181	1582	1583
7	2483	238	2484
8	390	2868	68
1	1192	5	9
8	141	2947	42
6	2250	4712
10	4224	786	4224	4225
6	77	2297
19	1453	227	228
15	143	3298	2984	190
7	4150	1197	1198
3	430	431	2321	433
9	472	941	942
8	89	1210	575
6	1282	3487
8	742	2284	24
8	585	930	116
14	3066	1557	1558
14	1769	789	790
14	635	1259	132
8	583	1454	24
4	986	20	3508
8	157	3030	283
4	1385	20	3998
18	3128	3341	487	223
16	435	2828	607
14	3861	1482	1483
7	471	3734	473
1	2466	5	243
27	451	452	3351
19	4403	1020	228
3	858	859	2687	861
1	2924	5	53
3	1719	1720	1133	1134
0	0	2105	1039	2106
3	3081	3082	1172	1173
1	2778	5	1955
1	1640	5	53
1	1459	8	9
2	1880	455	3198
1	1648	5	47
14	3392	3317	2106
8	89	2885	91
2	184	500	347
21	2758	2759	277
1	1240	8	1241
3	1750	1751	2373	684
15	187	4478	2460	2247
6	133	134
8	157	1549	60
1	3493	8	47
1	3363	8	9
1	1971	52	53
4	396	20	4022
6	1919	825
8	157	463	169
18	1962	2197	136	2198
4	1302	20	4206
8	229	3609	50
4	1735	20	2169
8	390	3433	449
8	1408	280	159
3	1170	1171	1637	1173
8	166	266	103
8	229	3021	283
19	4010	227	228
1	1265	65	11
8	48	2975	50
8	273	3650	198
6	365	4299
1	4067	5	53
5	279	1884	42	1186
14	1277	1278	1279
2	768	44	122
8	425	2270	449
25	855	856	857
8	157	3168	396
5	58	1693	68	25
1	1193	8	150
1	1193	8	9
8	229	1130	241
3	4062	4063	1493	861
6	2536	1445
8	1164	2659	91
8	155	1995	136
1	1555	52	53
2	867	3850	437
8	212	2677	159
4	1639	108	4174
4	2322	20	2905
4	107	108	3570
1	502	8	11
8	89	624	283
18	2531	3796	136	3797
8	177	1499	972
1	1845	52	47
8	89	1697	443
16	984	1467	313
4	2682	650	3123
8	742	3464	24
2	1405	500	184
2	378	183	385
6	2250	134
8	273	1273	669
1	1648	8	9
8	310	1913	103
5	229	2552	169	1355
0	0	1038	1317	1040
0	2441	2442	2443	4141
2	911	44	288
2	12	914	1364
8	551	2469	198
10	2325	2326	2325	2327
25	2241	989	906
7	393	33	1782
8	1423	2142	234
8	3133	4000	234
8	742	266	159
8	310	168	169
7	3506	33	3507
2	1466	44	779
3	1199	1200	2045	1202
8	48	167	296
2	3043	500	2451
1	2466	65	243
1	2704	52	11
1	2489	65	9
7	3964	238	813
1	1117	52	11
4	2783	20	470
4	68	20	2183
15	179	1607	1194	1608
0	0	1	2762	3
8	585	311	136
7	2889	238	1669
1	1775	5	11
9	344	3070	3071
6	1271	2176
15	187	4165	1639	258
15	179	200	201	202
18	3583	3584	3585	3586
7	1895	1086	1896
3	2548	2549	83	84
8	212	3021	283
15	179	1002	816	262
8	273	3199	116
6	3638	4471
8	425	2814	299
2	12	914	867
8	151	2292	116
1	3741	52	9
2	269	455	208
2	882	44	883
4	487	20	488
5	585	949	521	199
14	2302	131	132
22	3565	3772	286
15	179	4768	952	1608
2	29	13	907
1	950	5	1955
10	1503	1504	4072	2182
13	127	305	1652
1	1964	65	9
2	3731	44	1908
1	647	52	53
2	218	44	1405
8	545	1515	103
3	1719	1720	2305	1134
8	177	2243	169
1	2924	52	9
8	58	1035	42
8	177	1776	521
1	3846	65	9
8	1233	3032	42
21	2202	3538	277
8	529	948	299
2	2464	44	1619
8	585	1693	68
8	273	2469	37
3	3245	3246	3969	433
1	1684	52	9
8	627	1106	521
30	2383	2384	2385
1	817	65	47
28	2323	2324	1608
2	535	429	654
10	3384	3385	3384	3386
8	22	862	283
5	101	2875	103	25
8	177	1280	1281
16	435	2893	607
8	1408	2226	91
26	358	2068	360
8	1423	528	68
8	89	3345	42
2	1466	44	535
5	229	767	91	199
8	114	1781	136
1	1071	8	9
3	531	532	2151	534
5	330	3007	2575	199
8	627	1089	68
6	2519	1445
3	2660	2661	739	88
2	3859	914	12
7	418	308	753
21	3477	4177	277
7	2752	238	2484
14	1769	636	637
1	556	52	150
1	1788	65	53
15	143	3935	3936	146
8	273	895	37
4	487	20	3128
0	0	456	457	458
6	368	2902
15	187	188	189	190
0	0	1721	632	1723
1	1788	8	11
10	3680	3681	3680	319
8	583	2226	91
6	1083	134
2	45	500	779
4	1194	650	1195
8	425	670	498
1	2388	5	53
2	1363	914	1364
8	114	2080	198
1	556	8	150
1	4722	5	53
3	2749	2750	1441	891
5	155	734	355	104
3	760	761	1860	763
8	273	947	498
1	1730	5	9
8	273	1442	198
7	307	308	309
3	3329	3330	216	217
1	764	5	150
13	3761	3944	3759
6	162	1967
20	257	1438	1437
2	1330	44	913
8	390	1598	42
1	242	8	243
8	185	395	396
2	3300	183	76
18	3178	3179	558	1873
1	1764	5	53
5	166	767	91	25
2	2295	44	3232
8	185	2224	615
6	1083	1967
1	1151	52	9
8	273	720	68
4	2756	20	1655
8	516	59	60
10	438	439	438	2863
8	229	951	24
6	133	2939
6	839	2023
8	3133	528	42
8	35	841	615
4	749	650	750
2	944	44	300
7	4150	4151	34
1	1248	8	47
19	4769	1367	1368
3	1793	1794	4281	1796
6	1271	4332
2	3486	44	535
8	3133	1853	234
3	1346	1345	4545	4546
8	416	948	136
7	1016	1681	1018
2	2502	44	578
25	2493	2000	2001
27	451	452	4447
8	1233	3641	42
0	0	2877	2715	2878
11	3522	3523	3524	3525
1	4678	52	53
15	143	2449	702	1341
2	865	44	779
22	3565	3566	1144
15	187	3778	3779	1023
4	2756	20	2410
15	179	2496	3073	245
4	1167	108	1168
7	518	238	519
1	26	5	9
8	66	67	68
6	2612	4468
8	551	929	396
28	754	704	702
3	4554	4555	4556	4557
0	0	631	632	830
15	179	2350	702	258
1	2587	8	1955
2	481	183	779
3	2942	2943	3842	2945
4	68	20	1651
1	1971	5	53
3	2986	2987	2813	173
8	297	2236	136
6	3953	4710
5	177	1709	283	104
8	212	2284	521
7	1111	1112	1113
0	0	3399	4116	3226
1	2882	5	11
4	1899	20	4527
3	531	532	555	534
18	3086	3087	136	3088
4	1639	650	2417
5	294	1464	1078	1355
3	802	803	2187	805
9	1398	2174	2175
6	1083	3579
5	114	530	116	25
8	48	1150	116
18	2062	3444	972	2056
8	310	1150	60
4	1985	20	2957
6	2259	2260
0	0	1858	1317	1859
24	1080	359	3612	3613
1	1684	52	47
20	756	246	704
3	1737	1738	2257	1740
15	179	3899	3900	2038
2	2286	44	184
1	1659	65	11
3	2185	2186	2970	693
1	524	5	47
25	3430	1045	1000
8	868	869	91
8	551	2229	136
8	545	1418	24
8	151	510	449
5	390	2292	116	104
8	229	1379	136
21	2010	4197	277
8	155	2677	159
8	529	36	60
8	733	3220	169
2	883	44	625
1	2929	8	9
