0	28
1	6
2	24
3	29
4	16
5	17
6	5
7	16
8	17
9	5
10	16
11	5
12	3
13	20
14	3
15	2
16	6
17	1
18	14
22	1
23	3
24	4
25	22
26	16
27	0
28	1
29	3
30	20
31	3
32	10
33	9
34	15
35	1
36	3
37	4
38	4
20	25
39	3
40	1
41	3
42	4
43	3
44	20
45	3
46	16
47	5
48	1
49	3
50	4
51	16
52	17
53	5
54	9
55	10
56	11
57	1
58	1
59	3
60	4
61	16
62	10
63	15
64	16
65	17
66	1
67	3
68	4
69	16
70	5
71	18
72	19
73	8
74	3
75	20
76	3
77	0
78	1
79	4
80	3
81	2
82	6
83	1
84	14
85	21
86	22
87	2	23
88	14	24
89	1
90	3
91	4
94	4
95	3
96	3
97	3
98	3
99	20
100	3
101	1
102	3
103	4
104	22
105	3
106	3
107	4	8
108	25
109	3
114	1
115	3
116	4
117	2
118	6
119	1
120	14
121	3
122	3
123	18
124	19
125	18
126	8
127	4
128	1
129	3
130	5
131	1	6
132	2
133	0
134	1
135	3
136	4
137	2
138	6
139	1
140	14
141	1
142	3
143	7
144	3
145	8
146	4
148	3
151	1
152	3
153	4
154	3
155	1
156	3
157	1
158	3
159	4
160	4	8
161	3
163	6
164	24
165	29
166	1
167	3
168	3
169	4
170	2
171	6
172	1
173	14
174	12
175	3
176	13
177	1
178	3
179	7
180	3
181	4
182	3
183	20
184	3
185	1
186	3
187	7
188	3
189	8
190	4
191	20
192	4	8
193	38
194	1
195	3
196	16
197	3
198	4
199	22
200	3
201	8
202	4
203	3
204	4	8
205	3
206	4	8
207	3
208	3
209	4
210	3
211	16
212	1
213	3
214	2
215	6
216	1
217	14
224	3
225	16
226	26
227	27
228	22
229	1
230	3
231	3
232	1
233	3
234	4
235	3
236	3
237	10
238	9
239	15
240	3
241	4
242	16
243	5
244	3
245	4
246	3
247	3
248	4
249	16
250	21
251	22
252	23
253	24
254	0
255	1
256	3
257	4	8
258	4
259	3
260	3
261	8
262	4
263	5
264	6
265	2
266	3
267	3
268	20
269	3
272	16
273	1
274	3
275	41
276	42
277	43
278	16
279	1
280	3
281	1
282	3
283	4
284	31
285	24
286	12
287	20
288	3
289	2
290	6
291	1
292	14
293	16
150	5
294	1
295	3
296	4
297	1
298	3
299	4
300	3
301	3
302	16
303	3
304	1
305	1
306	16
307	10
308	9
309	15
310	1
311	3
312	3
313	13
314	26
315	20
316	18
317	19
318	18
319	8
320	16
321	3
322	41
323	42
324	43
325	3
330	1
331	3
332	3
340	3
341	3
342	3
343	8
344	9
345	10
346	11
347	3
348	3
352	3
353	3
354	3
355	4
356	4
357	3
358	44
359	11	12
360	45
361	41	42
362	3
363	8
364	4
365	0
366	1
367	16
368	0
369	1
370	6
371	24
372	29
373	3
374	4
375	4
376	30
377	3
378	3
379	3
380	3
381	4
382	3
383	3
384	3
385	3
386	3
387	3
388	3
389	3
390	1
391	3
392	3
393	10
394	11
395	3
396	4
397	3
398	4	8
399	4
400	18
401	19
402	18
403	8
404	1
405	3
406	3
407	16
408	2
409	6
410	3
411	10
412	9
413	15
414	16
415	3
416	1
417	3
418	10
419	15
424	3
425	1
426	3
427	16
428	3
429	20
430	2
431	6
432	1
433	14	24
434	44
435	11	12
436	45
437	3
438	18
439	19
440	8
441	3
442	3
443	4
444	3
445	16
446	16
450	3
451	35
452	36
453	37
454	3
455	20
456	6
457	24
458	29
459	10
460	11
463	3
464	15
466	6
467	24
468	29
469	4
470	3
471	10
472	9
473	15
474	16
475	3
476	8
477	4
478	1
479	3
480	3
481	3
482	3
483	16
484	10
485	11
486	3
487	4
488	3
489	21
490	22
491	23
492	3
493	2	29
494	6
495	1
496	14
497	3
498	4
499	3
500	20
501	3
502	16
503	37
504	2
505	6
506	1
507	44
508	11
509	45
510	3
449	4
513	4
514	25
515	3
516	1
517	3
518	10
519	15
520	3
521	4
524	16
525	3
526	16
527	1
528	3
529	1
530	3
531	2
532	6
533	1
534	14
535	3
536	4
537	30
538	10
539	11
540	4
541	3
542	3
543	3
544	3
545	1
546	3
547	16
548	5
549	6
550	2	29
551	1
552	3
553	2
554	6
555	1
556	16
559	6
560	24
561	29
562	3
447	1
564	3
565	6
566	24
567	29
568	16
569	3
570	16
571	3
572	8
573	4
574	3
575	4
576	3
577	3
578	3
579	3
580	10
581	15
582	26
583	1
584	3
585	1
586	3
591	3
592	3
593	4
594	3
595	3
596	13
597	16
599	3
600	3
601	16
602	3
603	8
604	4
605	12
606	3
607	13
608	0
609	1
610	16
611	3
612	16
613	3
614	16
615	4
616	3
617	3
618	3
619	4
620	4
621	3
622	3
623	3
624	3
625	3
626	26
627	1
628	3
629	1
630	3
631	6
632	24
633	29
634	3
635	5
636	5	6	24
637	2
638	24
639	29
641	10
642	6
643	24
644	29
645	3
646	3
647	16
648	16
649	4	8
650	25
651	3
652	3
653	20
654	3
655	3
656	3
657	4	8
658	4
661	2
662	6
663	10
664	15
665	12
666	3
667	13
668	3
669	4
670	3
671	3
672	3
673	3
674	3
679	3
680	3
685	16
686	2
687	6
688	1
689	3
690	2
691	6
692	1
693	14
694	10
695	3
696	8
697	3
698	8
699	10
700	11
701	3
702	4	8
703	3
704	20
705	3
706	20
707	3
708	3
709	2
710	6
711	1
712	3
713	1
714	3
715	4
716	3
717	5
718	4	8
719	3
720	3
722	16
723	3
724	3
725	3
726	2
727	6
728	1
729	16
730	18
731	19
732	8
733	1
734	3
736	16
740	3
741	16
742	1
743	3
744	3
745	3
746	3
747	20
748	3
749	4
750	3	26
751	10
752	9
753	15
754	3
755	3
756	4	8
757	13
758	3	26
759	20
760	2
761	6
762	1
763	14
764	16
765	3
766	8
767	3
768	3
769	3
770	6
771	24
772	29
773	12
774	3
775	24
776	3
777	26
778	3
779	3
782	16
783	4	12
784	3
785	18
786	19
787	8
788	3
789	6
790	2	29
791	3
792	3
793	2
794	6
795	1
796	6	14
797	4	8
798	3
799	4
800	3
801	3
802	2
803	6
804	1
805	14
806	3
807	3
808	3
809	8
810	4
811	3
812	10
813	15
815	3
816	8
817	16
818	2
819	6
820	1
821	14
824	0
825	1
826	3
827	4
222	4
828	30
829	24
830	29
831	18
832	19
833	8
834	16
835	20
836	18
837	19
838	8
839	0
840	1
841	3
844	10
845	11
846	6
847	24
848	29
849	16
850	2
851	6
852	1
853	4
854	3
855	32
856	33
857	34
858	2
859	6
860	1
861	14
862	3
863	16
864	3
865	3
866	3
867	3
868	1
869	3
870	3
871	3
872	3
873	22
874	23
875	24
876	6
877	29
878	16
879	4
880	3
881	3
882	3
883	3
884	3
885	6
886	24
887	29
892	3
893	3
894	8
895	3
896	16
901	3
902	8
903	4
904	32
905	33
906	34
907	3
908	5
909	6
910	2
911	3
912	3
913	3
914	20
558	4
915	3
916	18
917	19
918	18
919	8
920	10
921	9
922	15
923	4
924	3
927	3
928	3
929	3
930	3
931	3
932	3
933	24
934	3
935	8
936	42
937	2
938	6
939	1
940	14
941	10
942	11
943	3
944	3
947	3
948	3
949	3
950	16
951	3
952	4	8
953	3
955	21
956	22
957	23
958	24
959	4
512	30
960	5
961	5	6
962	3
963	3
965	1
966	3
968	16
969	3
970	1
971	3
972	4
973	18
974	19
975	18
976	8
977	6
978	2
980	4
981	30
982	26
983	20
984	12
985	3	26
986	4
987	3
988	32
989	33
990	34
991	3
992	3
994	3
995	8
996	4
997	3
998	32
999	33
1000	34
1001	3
1002	3
1003	3
1004	3
1005	8
1006	4
1007	16
1008	16
1009	3
1010	4
1011	3
1012	18
1013	19
1014	8
1015	16
1016	10
1017	9
1018	15
1019	26
1020	27
1021	3
1022	4	8
1023	4
1024	16
1025	16
1027	3
1028	3
1029	10
1030	15
1031	3
1032	17
1033	0
1034	1
1035	3
1037	3
1038	6
1039	24
1040	29
1041	2
1042	6
1043	1
1044	32
1045	33
1046	3
1047	3
1048	3
1052	16
1053	16
1054	4
1055	3
1056	3
1057	6
1058	24
1059	29
1060	32
1061	34
1062	18
1063	19
1064	18
1065	8
1066	16
1067	10
1068	15
1069	3
1070	3
1071	16
1072	0
1073	1
1075	5
1076	2
1077	6
1078	4
1079	3
1080	13
1081	3	26
1082	20
1088	15
1089	3
1090	3
1091	3
1092	3
1093	1
1094	1
1095	2
1096	6
1097	1
1098	14
1099	3
1100	4
1101	30
1102	3
1103	2
1104	6
1105	1
1106	3
1107	21
1108	22
1109	23
1110	24
1111	10
1112	9
1113	15
1114	10
1115	15
1117	16
1118	5
1119	6
1120	2
1123	18
1124	19
1125	18
1126	8
1127	3
1128	3
1129	3
1130	3
1131	2
1132	6
1133	1
1134	6	14
1138	0
1139	1
1140	4
1141	1
1142	3
1143	3
1144	11	12
1145	3
1146	2
1147	6
1148	1
1149	14
1150	3
1151	16
1152	3
1153	0
1154	1
1155	3
1156	10
1157	9
1158	15
1159	3
1160	4
1161	3
1162	0
1163	1
1164	1
1165	3
1166	3
1167	4	8
1168	3
1169	3
1170	2
1171	6
1172	1
1173	14
1174	3
1175	6
1176	24
1177	29
1178	18
1179	19
1180	8
1181	9
1182	10
1183	11
1184	4
1185	3
1186	22
1187	13
1188	3	26
1189	20
1190	3
1191	3
1192	16
1193	16
1194	4	8
1195	3
1196	10
1197	9
1198	15
1199	2
1200	6
1201	1
1202	14
1204	3
1205	16
1206	1
1207	3
1208	6
1209	1
1210	3
1211	16
1212	16
1213	16
1214	3
1216	10
1217	11
1218	24
1221	3
1222	8
1223	3
1083	0
1224	1
1225	44
1226	11
1227	45
1228	3
1229	3
1230	3
1233	1
1234	3
1235	3
1236	16
1237	3
1238	10
1239	15
1240	16
1241	5
1242	20
1243	38
1244	3
1245	16
1246	16
1247	8
1248	16
1249	3
1050	24
1252	3
1253	3
1254	8
1255	4
1256	0
1257	1
1258	5
1259	6
1260	3
1262	3
1265	16
1266	3
1267	2
1268	6
1269	1
1270	14
1271	0
1272	1
1273	3
1274	3
1275	4
1276	3
1277	5
1278	6
1279	2
1280	3
1281	4
1282	0
1283	1
1284	3
1285	3
1286	4	8
1287	3
1288	16
1289	3
1290	3
1291	16
1292	3
1293	16
1294	1
1295	1	3
1296	3
1297	2
1298	6
1299	1
1300	3
1301	4	8
1302	4
1303	3
1304	2
1305	6
1306	1
1307	14
1308	3
1309	1
1310	21
1311	22
1312	23
1313	24
1314	12
1315	3
1316	3
1318	0
1319	1	3
1320	18
1321	8
1322	16
1323	20
1324	2
1325	6
1326	1
1327	14
1328	3
1329	3
1330	3
1334	3
1335	3
1336	16
1337	0
1338	1
1339	3
1340	8
1341	4
1342	15	16
1343	3
1344	5
1345	6
1346	2
1347	1
1348	3
1349	3
1353	24
1354	3
1355	22
1357	3
1358	4
1359	3
1360	16
1361	1
1363	3
1364	3
1365	5
1366	3	26
1367	27
1368	22
1369	3
1370	2
1371	6
1372	1
1373	14
1374	3
1375	3
1376	8
1377	4
1378	16
1379	3
1380	2
1381	6
1382	1
1383	14
1384	3
1385	4
1386	1
1387	3
1388	16
1389	4	8
1390	3
1391	3
1392	4
1393	30
1394	3
1395	3
1396	3
1401	3
1402	3
1404	3
1405	3
1406	3
1407	8
1408	1
1409	3
1410	10
1411	9
1412	15
1413	2
1414	6
1415	1
1416	3
1417	3
1418	3
1419	3
1420	3
1421	3
1422	3
1423	1
1424	3
1425	35
1426	37
1427	3
1428	3
1429	3
1430	3
522	3
1431	5
1432	3
1434	3
1435	4	8
1436	3
1437	20
1438	3
1439	3
1440	3
1442	3
1443	26
1444	0
1445	1
1446	3
1447	16
1449	16
1450	16
1451	3
1452	3
1453	26
1454	3
1455	3
1456	3
1457	10
1458	11
1459	16
1460	3
1461	4	8
1462	3
1463	13
1467	3
1468	3
1469	16
1470	1
1471	41
1472	41	42
1473	0
1474	3
1475	2
1476	6
1477	3
1478	16
1479	3
1480	4	8
1481	5
1482	6
1483	2
1484	3
1485	2
1486	6
1487	1
1488	14
1489	3
1490	1
1493	1
1494	4	8
1495	3
1496	3
1497	4
1498	3
218	3
1499	3
1500	2
1501	6
1502	24
1503	18
1504	19
1505	8
1506	10
1507	11
1508	16
1509	6
1510	29
1512	4
1513	1
1514	3
1515	3
1516	4
1517	4
1518	30
1519	18
1520	19
1521	8
1522	9
1526	3
1528	11	12
1529	3	26
1530	18
1531	8
1532	16
1533	3
1536	1
1537	3
1538	3
1539	3
1540	32
1541	4	8
1542	3
1543	3
1544	8
1545	16
1546	1
1547	3
1548	10	11
1549	3
1550	3
1551	12
1552	3	26
1553	3
1554	3
1555	16
1556	5
1557	6
1558	2
1559	12
1560	3
1561	3
1562	3
1563	3
1564	20
1565	15
1566	3
1567	4
1568	30
1569	3
1570	6
1571	24
1572	29
1573	21
1574	22
1575	23
1576	24
1577	3
1578	31
1579	24
1580	12
1581	3
1582	10
1583	11
1584	3
1585	8
1586	24
1587	18
1588	19
1589	8
1590	10
1591	15
1592	16
1593	3
1594	5
1596	10
1597	15
1598	3
1599	2
1600	6
1601	1
1606	3
1607	3
1608	4
1609	0
1610	1
1611	3
1613	3
1614	16
1615	16
1616	31
1617	24
1618	3
1619	3
1620	3
1621	26
1622	3
1623	3
1624	3
1625	22
1626	3
1627	4
1628	30
1631	0
1632	1
1633	1
1634	3
1635	10
1636	15
1637	1
1638	3
1639	4	8
1640	16
1641	2
1642	6
1643	1
1644	1
1645	3	26
1646	45
1647	3
1648	16
1649	3
1651	3
1652	3
1653	1
1654	1
1655	3
1656	3
1657	3
1658	2
1659	16
1660	3
1661	3
1662	3
1663	1
1664	3
1665	3
1666	10
1667	11
1668	10
1086	9
1669	15
1671	3	26
1672	3
1673	3
1674	3
1675	3
92	3
1676	3
1677	3
1678	1
1679	3
1680	4
1681	9
1682	32
334	33
1683	34
1684	16
1686	16
1687	3
1688	2
1689	6
1690	1
1691	14
1692	3
1693	3
1694	32
1695	4
1696	3
1697	3
1698	3
1699	3
1700	3
1701	10
1702	15
1703	3
1704	4
1705	4
1706	0
1707	26
1708	27
1709	3
1710	3
1711	3
1712	8
1713	2
1714	6
1715	1
1716	3
1717	4
1718	16
1719	2
1720	6
1721	6
1722	24
1723	29
1250	3
1724	16
1725	2
1726	6
1727	1
1728	14	24
1729	3
1730	16
1731	3
1732	3
1733	3
1734	4
1735	4
1736	3
1737	2
1738	6
1739	1
1740	14
1741	3
1742	4	8
1743	3
1744	1	3
1745	2
1746	6
1747	1
1748	3
1749	4	8
1750	2
1751	6
683	1
684	14
1752	3
1753	8
1754	1
1755	41
1756	42
1757	16
1758	4
1759	1
1760	3
1761	16
1762	3	26
1763	20
1764	16
1765	16
1769	5
1770	3
1771	3
1772	8
1773	3
1775	16
1776	3
1777	16
1778	41	42
1779	37
1780	12
1781	3
1782	15
1783	2
1784	6
1785	2
1786	6
1787	1
1788	16
1789	37
1790	3
1791	16
1792	3
1793	2
1794	6
1795	1
1796	14
1797	3
1798	3
1799	1
1800	3
1801	4
1802	18
1803	8
1807	18
1808	8
1809	3
1810	3
1811	2
1812	6
1813	1
1814	6
1815	29
1816	3
1817	4	8
1818	3
1819	16
1820	2
1821	6
1823	5
1824	2
1825	3
1826	3
1827	1
1829	3
1831	31
1832	24
1833	4	8
1834	3
1835	32
1836	3
1837	3
1838	16
1839	3
1840	16
1841	3
1842	3
1843	42
1844	3
1845	16
1846	1
1850	2
1851	6
1852	1
1853	3
1854	16
1855	16
1856	3
1858	6
1317	24
1859	2	29
1860	1
1861	16
1862	3
1863	8
1864	3
1865	10
1866	15
1867	3
1868	1
1869	3	26
1870	13
1871	3
1872	4
1873	30
1874	3
223	30
1875	24
1876	29
1877	2
1878	6
1879	1
1880	3
1881	3
1398	9
1882	10
1883	11
1884	3
1886	18
1887	19
1888	8
1889	41
1890	42
1891	3
1892	3
1893	12
1894	16
1895	10
1896	15
1897	3
1898	4
1899	4
1902	1
1903	3
1904	3
1905	15
1906	4
1907	3
1908	3
1909	21
1135	22
1910	23
1911	24
1912	1
1913	3
1914	3
1915	3
1916	8
1917	16
1919	0
1920	5
1921	3
1922	3
1923	32
1924	34
1925	3
1926	3
1927	8
1928	4
1929	4
1930	3
1931	18
1932	19
1933	8
1934	1
1935	3
1936	3
1937	3
1938	3
1939	1
1940	3
1944	1
1945	4
1946	3
1948	16
1949	10
1950	11
1951	3
1952	26
1953	3
1956	3
1957	4	8
1958	3
1959	3
1960	3
1962	3
1963	13
1964	16
1965	3
1966	8
1967	1
1968	3
1969	3
1970	3
1971	16
1972	5
1973	6
1974	2
1975	16
1976	3
1977	16
1978	17
1979	21
1980	22
1981	23
1982	24
1983	26
1984	6
1985	4
1986	3
1987	3
1988	2
1989	6
1990	21
1991	22
1992	23
1993	24
1994	3
1995	3
1996	21
1997	22
1998	2	23
1999	24
1397	32
2000	33
2001	34
2002	9
2003	10
2004	11
2005	2
2006	6
2007	1
113	14
2008	3
2009	12
2010	41
2011	42
2012	3
2013	3
2014	9
2015	10
2016	11
2018	21
2019	22
2020	23
2021	24
2022	0
2023	1
2024	3
2025	3
2026	4
2028	3
2029	3
2030	1
2031	9
2032	3
2033	8
2034	1
2035	16
2036	3
2037	4	8
2038	4
2039	5
2040	3
2041	1
2042	2
2043	6
2044	1
2045	1
2046	3
2049	32
2050	33
2051	34
2052	3
2053	26
2054	1
1955	5
2055	4
2056	30
2057	21
2058	23
2059	24
2060	3
2061	6
2062	3
2063	3
2064	3
2065	6
2066	1
2067	3
2068	11
2069	3
2070	3
2073	4	8
2074	3
2077	20
2078	16
2079	3
2080	3
2081	5
2082	3
2083	20
2084	3
2085	21
2086	22
2087	23
2088	24
2089	3
2090	4	8
2091	16
2092	3
2093	13
2094	18
2095	19
2096	18
2097	8
2098	5
926	6
2099	10
2100	15
2101	10
2102	11
2103	3
2104	8
2105	6
2106	2	29
2107	3
2108	3
2109	3
2110	8
2111	3
2112	24
2113	3
2114	8
2115	3
2117	2	3
2118	3
2119	5
2120	3
2121	1
2122	42
2123	3
2124	1	26
2125	2
2126	6
2127	3
2128	3
2130	3
2131	16
2133	3
2134	1
2135	1
2136	5
2137	3
2138	32
2139	34
2140	16
2141	1
2142	3
2143	4
2144	1
2145	3
2147	3
2148	3
2149	2
2150	6
2151	1
2153	16
2155	3
2156	3
2157	8
2158	3
2159	4
2160	1
2161	3
2162	15
2163	6
2164	24
2165	2	29
2166	2
2167	6
2168	1
2169	3
2170	1
2171	16
2174	10
2175	11
2176	1
2177	3
2178	26
2179	0
2180	1
2181	3
2182	8
2183	3
2184	4
2185	2
2186	6
2187	1
2188	3
2190	3
2192	3
2193	20
2194	3
2195	3
2196	8
2197	4
2198	30
2199	38
2200	5
2201	10
2202	41	42
2203	42
2205	0
2206	1
2207	2
2208	5
2209	3
2210	8
2211	3
2212	3
2213	3
2214	8
2215	21
2216	22
2217	23
2218	24
2219	3
2220	3
2221	3
2222	3
2223	8
2224	3
2225	16
2226	3
2227	18
2228	8
2229	3
2230	3
2231	16
2232	3
2233	16
2234	32
2235	3
2236	3
2240	16
2241	32
2242	3
2243	3
2244	3
2245	3
2246	8
2247	4
2248	16
2249	16
2250	0
2251	16
2252	16
2253	4
2254	3
2255	3
2256	3
2257	1
2258	3
2259	0
2260	1
2261	3
2262	3
2263	10
2264	11
2265	3
2266	22
2267	23
2268	24
2269	1
2270	3
2271	2
2272	6
2273	1
2274	14
2275	16
2276	26
2277	2
2278	1
2279	4
2280	3
2281	3
2282	3
2283	16
2284	3
2285	3
2286	3
2287	3
2288	24
2289	1
2290	18
2291	8
2292	3
2293	3
2294	3
2295	3
2296	3
2297	1
2298	3
2299	3
2300	41
2301	42
2302	5
2303	3
2304	2
2305	1
2306	3
2307	3
2308	8
2309	2
2310	6
2311	1
2313	3
2314	2
2315	6
2316	1
2317	14
2318	32
2319	2
2320	6
2321	1
2322	4
1264	3
2323	3
2324	20
2325	18
2326	19
2327	8
2328	3
2329	12
2330	16
2331	1
2332	2
2333	6
2334	1
2335	3
2336	1
2337	41
2338	42
2339	1
2340	3
2341	29
2342	16
2343	3
2347	3
2348	3
2349	0
2350	3
2351	3
2353	3
2354	3
2355	2
2356	6
2357	1
891	14
2358	3
2359	20
2360	3
2361	3
2362	3
2363	4
2364	3
2365	10
2366	11
2367	16
2368	10
2369	15
2370	16
2372	16
2373	1
2375	1
2376	2
2377	6
2378	1
2379	14
2380	12
2381	3
2382	37
2383	39
2384	6
2385	40
2386	1
2387	3
2388	16
2389	2
2390	6
2391	12
2392	16
2393	3
2394	10
2395	15
2396	41
2397	41	42
2398	4
2399	3
2400	16
2401	16
2402	3
2403	3
2405	4
2406	30
2407	3
2408	10
2409	15
2410	3
2411	3
2412	18
327	19
2413	8
2414	3
2415	8
2416	30
2417	3
2418	3
2419	3
1629	3
2420	3
2421	3
2422	10
2423	18
2424	8
2425	32
2426	33
2427	34
2428	39
2429	6
2430	40
2431	10
2432	15
2433	3
2434	3
2435	3
2436	1
2437	18
2438	19
2439	8
2440	16
1333	1
2441	28
2442	6
2443	24
2444	29
2445	3
2446	29
2447	41
2448	42
2449	3
2450	1
2451	3
2452	26
2454	4
2455	1
2457	3
2458	26
2459	3
2460	4	8
2461	3
2462	3
2463	3
2464	3
2465	3
2466	16
1612	18
2467	8
2468	3
2469	3
2470	3
2471	10
2472	15
2473	3
2474	3
2475	3
2476	4
2477	3
2478	3	26
2479	20
2480	18
2481	19
2482	8
2483	10
2484	15
2485	32
2486	34
2487	3
2488	20
2489	16
2490	3
2491	3
2492	3
2493	32
2494	4
2495	3
2496	3
2497	10
2498	11
2499	3
2500	26
2501	3
2502	3
2503	2
2504	6
2505	1
2507	9
2508	16
2509	3
2510	2
2511	6
1356	1
2512	3
2513	3
2514	8
2515	3
2516	8
2517	38
2518	10
2519	0
2520	3
2521	1
2522	1
2523	1
2524	3
2525	10
2526	15
2528	2
2529	6
2530	1
900	14
2531	3
2532	10
2533	15
2535	3
2536	0
2537	1
2538	3
2539	3
2540	6
2541	29
2542	1
2543	3
2544	3
2545	4
2546	30
2547	16
2548	2
2549	6
2550	3
2551	23
2552	3
2553	2
2554	6
2555	1
2556	2
2557	6
2558	1
2559	14
2560	18
2561	19
2562	8
2563	10
2564	11
2565	16
2566	3
2567	18
2568	19
2569	8
2570	3
2571	2
2572	6
2573	1
1605	14	24
2574	3
2575	4
2576	3
2577	11
2578	45
2580	3
2581	8
2582	10
2583	15
2584	1
2585	3
2586	4
2587	16
2588	11
2589	45
2590	0
2591	1
2592	3
1491	0
2593	3
2594	3
2595	4
2596	30
2597	2
2598	6
2599	1
2600	3	26
2601	3
2602	1
2603	3
2604	8
2605	3
2606	16
2607	4
2608	3
2609	1
2610	1
2611	3
2612	0
2614	2
2615	6
2616	3
2617	1
2618	21
2619	23
2620	24
2621	4
2622	41
2623	42
2624	12
2625	3	26
2626	10
2627	15
2628	1
2629	3
2630	8
2631	1
2632	3
2633	3
2634	4
2635	3
660	3
2636	10
2637	9
270	3
2638	24
2640	21
2641	22
2642	23
2643	24
2644	3
2645	4
2646	1
2647	3
2648	3
2652	6
2653	29
2654	3
2655	3
2656	2
1466	3
2657	3
2658	26
2659	3
2660	2
2661	6
2662	3
2663	1
2664	3
2665	26
2666	3
2667	8
2669	3
2670	10
2671	11
2672	3
2673	3
2674	32
2675	34
2676	26
2677	3
2678	16
2679	3
2680	3
2681	18
2682	4	8
2683	26
2687	1
2689	26
2690	26
2691	20
2693	3
2694	4
2695	3
2696	3
2697	3
2698	3
2699	6
1051	29
2048	15
2700	1
2702	1
2703	3
2704	16
2705	16
2706	3
2707	3
2708	3
2709	6
2710	1
2711	14
2712	3
2713	11
2714	6
2715	24
2716	29
2717	32
2718	2
2719	6
2720	1
2721	14
2722	3
2723	4
2724	30
2725	15
2726	3
2727	4
2728	11
2729	3
2730	3
2731	21
2732	22
2733	23
2734	24
2735	3
2736	6
2737	24
2738	29
2739	3
2740	1
2741	3
2742	3
2743	3
2744	3
2745	16
2746	1
2748	24
2749	1	2
2750	6
1203	1
2751	1
2752	10
2753	1
2754	3
2755	8
2756	4
2757	11
2758	41
2759	42
2760	3	26
2761	6
2762	24
2763	29
2764	2
2765	6
2766	1
2767	14
2768	3
2769	8
2770	16
2771	2
2772	6
2773	1
2774	3
2775	2
2776	6
2777	1
2778	16
2779	2
2780	6
2781	1
2782	10
2783	4
2784	3
2785	0
2786	44
2787	11
2788	3
2789	3
2790	1
2791	32
2792	1
2793	4
2794	3
2795	3
2796	1
2797	32
2798	3
2146	3
2800	4
2801	3
2802	10
2803	15
2804	26
2805	16
2806	20
2807	3
2808	4	8
2809	32
2810	34
2811	2
2812	6
2813	1
2814	3
2815	3
2816	3
2817	8
2818	3
2819	18
2820	8
2821	21
2822	22
2823	23
2824	24
2825	0
2826	1
2827	3
2828	3
326	18
2829	8
2830	3
2831	3
2832	3
2833	5
2834	20
2835	16
2836	3
2837	4
2838	3
2840	3
2841	3
2842	0
2843	37
2844	3
2845	3
2846	3
2847	3
2848	8
2849	3
2850	1
2851	3
2852	3
2853	3
2854	3
2856	3
2857	21
2858	22
2859	23
2860	24
2861	3
2862	8
2863	8
2864	3
2865	6
2866	29
2867	1
2868	3
2869	5
2870	6
2871	2
2872	3
2873	1
2874	26
2875	3
2876	18
2877	6
2878	29
2879	3
2880	4
2881	3
2882	16
2883	6
2884	2	29
2885	3
2886	8
2887	3
2888	3
2889	10
2890	5
2891	26
2892	26
2893	3
2894	13
2895	0
2896	1
2897	12
2898	3
2899	20
2901	3
2902	1
2903	32
2904	3
2907	24
2908	3
2910	3
2911	10
2912	15
2913	3
2915	1
2916	20
1219	3
2917	3
2918	3
2919	16
2921	9
2922	3
2923	11
2924	16
2925	8
2926	3
2927	26
2928	9
2929	16
2930	2
2931	6
2932	3
2933	4
2934	30
2935	2
2936	6
2937	1
2938	0
2939	1
2941	1
2942	2
2943	6
2944	1
2945	14	16
2946	16
2947	3
2948	16
2949	3
2950	3
2951	3
2952	1
2953	3
2954	3
2955	8
1806	4
1464	3
2956	20
2957	3
2958	4
2959	3
2960	15
2961	1
2962	3
2963	3
2964	16
2965	26
2967	15
2968	3
2969	3
2900	3
2970	1
2971	16
2972	3
2973	1
2974	15
2975	3
2976	26
2977	18
2978	8
2979	21
2980	22
2981	23
2982	24
2983	3
2984	8
1535	3
2985	3
2986	2
2987	6
2988	1
2989	12
2990	3	26
2991	20
2992	26
2993	1
2994	26
2995	18
2996	19
2997	18
2998	8
2999	1
3000	3
2017	1
3001	32
3002	1
3003	3
3004	3
3005	6	24
3006	29
3007	3
3008	3
3009	11
3010	41
3011	42
3012	20
3013	3
3014	41
3015	42
3016	21
3017	22
3018	23
3019	24
3020	16
3021	3
3022	3
3023	8
3024	3
3025	20
3026	3
3027	8
3028	10
3029	11
3030	3
3031	3
3032	3
3033	29
3034	16
3035	11
3036	45
3037	3
3038	8
3039	4
3040	3
3041	3
3042	16
3043	3
3044	3
3045	8
3046	6
3047	3
2189	1
3048	16
3049	3
3050	8
3051	1
3052	16
3053	3
3054	8
3055	3
3056	8
3057	3
3058	4
3059	3
3060	24
3061	3
3062	3
3063	3
3064	3
3065	3
3066	5
3067	4
3068	30
3069	9
3070	10
3071	11
3072	3
3073	4	8
3074	3
3075	6
3076	24
3077	29
3078	15
3079	3
3080	8
3081	2
3082	6
3083	2
3084	6
3085	3
3086	3
3087	4
3088	30
3089	3
3090	8
3091	26
3092	20
3093	9
3094	15
3095	26
3096	2
3097	6
3098	1
3099	1
3100	3
3101	12
3102	20
3103	3
3104	10
1087	15
3105	16
3106	13
3107	26
3108	20
3109	3
1857	4	8
3110	0
3111	1
3112	1
3113	3
3114	10
3115	11
3116	3
3117	3
3118	15
3119	4
3120	3
3121	3
3122	3
3123	3
3124	1
3125	3
3126	3
3127	32
3128	3
3129	3
3130	3
3131	26
3132	3
3133	1
3134	6
3135	2
3136	3
3137	39
3138	40
3139	32
3140	33
3141	34
3142	18
3143	8
3144	15
3145	3
3146	4
3147	3
3148	21
3149	22
3150	23
3151	24
3152	3
3154	3
3155	16
3156	3
3157	13
3158	0
3159	41
3160	42
3161	1
3163	29
3164	26
3165	42
3166	3
3167	1
3168	3
3169	1
3170	3
3171	3
3172	3
3173	24
3174	10
3175	9
3176	15
3177	16
3178	3
3179	4
3180	1
3181	4
3182	1
3183	3
3184	3
3185	3
3186	3
3187	3
3188	8
3189	32
3190	42
3191	3
3192	26
3193	3
3194	32
3195	33
3196	34
3198	3
3199	3
3200	3
3201	8
3203	16
3204	3
3205	8
3206	1
3207	18
3208	8
3209	26
3210	8
3212	3
3213	20
3214	3
3215	45
3216	10
3217	15
3218	3
3219	3
3220	3
3221	18
3222	18
3223	8
3224	16
3225	6
3226	29
3227	3
3228	1
3229	4
3230	25
3231	16
3232	3
3235	26
3236	16
3237	3
3238	8
3239	4
3240	1
3241	4
3242	30
3243	18
3244	8
3245	2
3246	6
3247	3
3248	3	10
3249	8
3250	3
3251	8
3252	1
3253	3
3254	8
3255	9
3256	15
3257	10
3258	9
3259	3
3260	8
3261	3
3262	12
3263	3
3265	1
3266	12
3267	3
3268	3
3269	3
3270	16
3271	3
3272	3
3273	3
3276	3
3277	4
3278	3
3279	3
3280	2
3281	6
3282	1
3283	3
3284	3
3285	22
3286	23
3287	16
3288	20
3289	3
3290	3
2154	4
3291	18
3292	19
3293	18
3294	8
3295	3
3296	3
3297	8
3298	3
3299	3
3300	3
3301	0
3302	3
3303	3
3304	12
3305	3
3306	3
3307	1
3308	16
3309	3
3310	3
3311	1
3312	3
3313	1
3314	26
3315	9
3316	1
3317	6
3318	29
3319	3
3320	3
3323	18
3324	8
3325	0
3326	3
3327	3
3328	3
3329	2
3330	6
3331	3
3332	1
3333	3
3334	26
3335	3
3336	3
3337	3
3339	26
3340	3
3341	4
3342	32
3343	3
3344	42
3345	3
1847	6
3346	24
3347	29
3348	3
3349	3
3350	3
3351	37
3352	9
3353	3
3354	16
3355	3
3356	16
3357	16
3358	3
3359	3
3360	1
162	0
3361	1
3362	3
3363	16
3364	10
3365	15
3366	29
3367	12
3368	3
3369	26
3370	3
3371	8
3373	3
3374	21
3375	22
3376	24
3377	3
3378	1
3379	16
3380	6
3381	29
3382	4
3383	30
3384	18
3385	19
3386	8
3387	18
3388	19
3389	18
3390	8
3391	16
3392	5
3393	2
3394	3
3395	9
3396	10
3397	11
3398	16
3399	6
3400	24
3401	29
3402	10
3211	15
3403	8
3404	1
3405	12
3406	30
3408	12
3409	3
3410	13
3411	16
3412	16
3413	3
3414	3
3415	4
3416	1
3417	1
3420	23
3421	24
3422	24
3425	3
3426	3
3427	3
3428	3
3429	8
3430	32
3431	3
3432	24
3433	3
3434	1
3435	3	26
3436	3
3437	3
3438	5
3439	3
3440	8
3441	3
3442	4
3443	3
3444	4
3445	16
3447	10
3448	11
3449	3
3450	3
3451	8
899	1
3452	3
3453	1
3454	16
3455	26
3456	1
3457	3
3458	8
3459	3
3460	2
3461	6
3462	0
3463	1
3464	3
3465	21
3466	23
3467	24
3468	1
3469	3
3471	5
3472	2
3473	22
3474	23
3475	24
3476	15
3477	41	42
3478	26
3479	8
3480	42
3481	1
3482	3	26
3483	10
3486	3
3487	1
3488	29
3489	3
3490	1
3491	1
3492	24
3493	16
3494	21
3495	22
3496	23
3497	24
3498	12
3499	3
3500	3
3501	3
3502	10
3503	9
3504	24
3505	3
3506	10
3507	15
3508	3
3509	9
3510	29
2456	32
3511	3
3197	1
3512	26
3513	32
3514	3
3515	3
3516	10
3517	15
3518	3
3519	30
3520	15
3521	3
3522	21
3523	22
3524	23
3525	24
3526	3
3527	1
3528	4
3529	30
3530	16
3531	3
3532	8
3533	2
3534	6
3535	6
3536	24
3537	29
3538	42
3539	29
3540	18
3541	19
3542	8
3543	3
3544	16
3545	3
3546	3
3547	3
3548	3
3549	13
3550	10
3551	11
3552	1
2172	18
3553	8
3554	18
3555	8
3556	1
3557	3
3558	21
3559	23
3560	24
3561	3
3562	8
3563	1
3564	3
3565	23	31
3566	24
3567	3
3568	3
3569	24
3570	3
3571	3
3572	8
3573	30
3574	6
3575	29
3576	41
3577	42
3578	3
3579	1
3580	16
3581	23
3582	3
3583	3
3584	4
3585	4
3586	30
3587	3
3588	18
3589	19
3590	8
3591	16
3592	3	26
3593	20
3594	3
3595	3
3596	3
3597	6
1849	29
3598	3
3599	12
3600	3
3601	31
3602	3
1670	20
3603	21
3604	22
3605	24
3606	3
3607	3
3608	3
3609	3
3611	26
3612	26
3613	20
3614	16
3615	3
3616	8
2579	5
3617	1
3618	11
3619	16
3620	1
3621	21
3622	23
3623	24
3624	3
3625	6
3626	12
3627	3	26
3628	20
3629	6
3630	29
3631	3
3632	4	8
3633	11
3634	15	16
3635	3
3636	8
3637	16
3638	0
3639	3
3640	3
2940	1
3641	3
3642	16
3643	3
3644	1
3645	1
3646	23
3647	3
3648	0
3649	1
3650	3
3651	18
3652	18
3653	8
3654	16
3655	3
3656	3
3657	6
3658	29
3659	16
3660	3
3661	20
3662	4
3663	3
3664	1
3665	42
3666	3
3667	4
3668	32
3670	0
3671	5
3672	6
3674	3
3675	13
3676	22
3677	23
3678	24
3679	3
3680	18
3681	19
3682	32
3683	3
3684	3
3685	1
3686	21
3687	22
3688	23
3689	24
3690	16
3692	26
3693	3
3694	3
3695	3	26
3696	3
3697	8
3698	2
3699	6
3700	3
3701	2
3702	6
3703	16
3705	0
3706	1
1524	24
3707	3
3708	8
3709	26
3710	3
3711	24
3712	29
3713	3
3714	3
3715	3
3716	3
3717	3
3264	3
3718	3
3719	3
3720	8
3721	6
3722	24
3723	29
3724	23
3725	24
3726	3
3727	3
3728	3
3729	5
3730	3
3731	3
3732	1
3733	3
3734	9
3735	3	26
3736	20
3737	3
3738	8
3739	3
3740	8
3741	16
3742	24
3743	30
3744	1
3745	3
3746	2
3747	6
3748	6
3749	29
3750	3
3751	3
3752	16
3753	6
3754	2
3755	32
3756	3
3758	3
3759	3
3760	4
3761	4
3762	30
3763	10
3764	11
3765	5
3766	2
3767	24
3768	42
3769	18
3770	8
3771	9
3772	24
3773	6
3774	3
3775	4
3776	3
3777	9
3778	3
3779	8
3780	4
3781	3
3782	20
3783	10
3784	11
3785	42
3786	3
3787	8
3788	1
3789	1
3790	3
3791	8
3792	1
3793	1
3794	25
3795	3
3796	4
3797	30
3798	3
3799	8
3800	3
3801	3
3802	1
3803	26
3804	3
3806	37
3807	3
3808	3
3809	10
3810	15
3811	26
3812	11
3813	29
3814	16
3815	13
3816	20
3818	1
3819	3
3820	3
3821	2
3822	6
3823	1
3824	3
3825	3
3826	8
3828	4
3829	30
3830	20
3831	3
2116	24
3832	1
1885	3
3833	37
3834	15
3835	21
3836	22
3837	23
3838	24
3839	16
3840	3
3842	1
3843	3
3844	3
3845	8
3846	16
3847	3
1604	1
3848	3
3849	8
2527	1
3850	20
3851	4
3852	30
3853	37
3854	3
3855	3
3856	1
3857	1
3858	3
3859	3
3860	3
3861	5
3862	6
3863	2
3864	6
3865	29
3866	18
3867	4
3868	3
3869	0
3870	3
349	3
3871	23
3872	24
3873	3
3874	3
3875	1
3876	0
3877	1
3878	4
3879	30
3880	3
3881	2
3882	6
3883	1
3884	14
3885	3
3886	26
3887	3
3888	3
3889	8
3890	18
3891	19
3892	8
3893	3
3894	16
3895	1
3896	3
3898	3
3899	3
3900	8
3901	3
3902	11
3903	16
3904	3
3905	3
3906	1
3907	4
3908	30
3909	3
3910	24
3911	6
3912	24
3913	29
3914	24
3915	21
3916	23
3917	24
3918	2
3919	6
3920	1
3921	14
3922	8
3923	9
3924	10
3925	11
3926	10
3927	15
3928	3
3929	3
3930	8
3931	1
3932	3
3933	26
3934	18
2701	8
3935	3
3936	8
3937	20
3938	3
3939	3
3940	3
3941	41	42
3942	0
3943	29
3944	1
3947	3
3948	10
3949	31
3950	18
3951	19
3952	8
3953	0
3954	1
3955	37
3956	3
3957	1
3959	31
3960	24
3961	12
3962	23
3964	10
3965	3
3966	33
3967	8
3968	20
3969	1
3970	0
739	1
3973	1
3974	3
3975	16
3976	3
3977	8
3978	3
3979	8
3980	3
3981	3
3982	1
3983	3
3984	8
3985	3
3986	8
2905	3
3987	26
3988	1
3989	3
3990	2
3991	6
3992	32
3993	33
3994	34
3995	18
3996	8
3997	26
3897	1
3998	3
2688	1
3999	3
4000	3
4001	3
4002	8
4003	3
4004	3
4005	1
4006	26
4007	3
4008	24
4009	3
4010	26
4011	12
4012	3
4013	18
4014	19
4015	8
4016	32
4017	34
4018	3
4019	3
4020	3
4021	3
4022	3
4023	32
4024	34
4025	5
4026	8
4028	18
4029	19
4030	8
4031	9
4034	18
4035	19
4036	18
4037	5
4038	3
4039	8
4040	5
4041	9
4042	10
4043	11
4044	3
4045	10
4046	3
4047	2
4048	6
4049	1
4050	5	14
4051	29
4052	8
4053	3
4054	3
4055	3
4056	3
4057	3
4058	3
4059	32
4060	31
4061	3
4062	2
4063	6
4064	3
4065	26
4066	5
4067	16
4068	21
4069	23
4070	24
4071	16
4072	18
4073	8
4074	24
4075	31
4076	24
4077	3
4078	45
4079	3
4080	3
4081	1
4082	1
4083	3
4084	18
4085	19
4086	8
4087	3
4088	3
4089	1
2238	1
4091	15
4092	3
4093	1
4094	3
4095	3
4096	42
4098	3
4099	24
4100	3
4101	20
4102	1
4103	10
4104	10
4105	11
4106	1
4107	3
4108	3
4109	1
4110	3
4111	18
4112	18
4113	8
4114	1
4116	24
4117	1
4118	8
4119	1
4120	26
4121	37
4122	4
4123	30
4125	3
4126	3
4127	3
4128	3
4129	3
4130	1
4131	18
4132	8
4133	6
3669	2
4134	10
4135	11
4136	3
4137	8
4138	21
4139	22
4140	23
4141	29
4142	16
4143	1
4144	4
4145	2
4146	6
4148	3
4149	26
4150	10
4151	9
4152	18
4153	19
4154	8
4155	12
4156	26
4157	20
4158	26
4159	16
4160	10
4161	11
4162	3
4163	34
4164	1
4165	3
4166	16
4167	8
4168	2
4169	6
4170	1
4171	6
4172	11
422	18
421	19
4173	8
4174	3
4175	3
4176	34
4177	42
4178	3
4180	3
4181	10
4182	9
4183	24
4184	10
4185	3
4186	42
4188	4
4189	30
4190	1
4191	3
4192	26
4193	3
4194	26
4195	20
4196	3
4197	42
4198	1
4199	1
4200	0
4201	1	23
4202	4
4203	30
4205	3
4206	3
4207	1
4208	1
4209	3
4210	3
3234	4
4211	26
4212	11
4214	11
4215	1
4216	3	26
4217	20
4218	3
4219	8
4220	10
4221	11
4222	3
4223	1
4224	18
4225	8
4226	3
4227	3
4228	2
4229	6
4230	3
4231	23
4233	0
4234	1
4235	1
4236	2
4237	10
4238	4
4239	3
4240	3
4241	3
4242	3
4243	3
4244	3
4245	41	42
4246	3
4247	3
4248	3
4249	5
4250	1
4251	42
4252	1
4253	16
4254	4
4255	30
4256	32
4257	26
4258	8
4259	2
4260	10
4261	11
4262	1
4263	3
4265	3
4266	15
4267	16
4269	20
4271	8
4272	3
4273	8
4274	16
4275	32
1942	33
4276	3
4277	13
4278	21
4279	23
4280	24
4281	1
4283	3	26
4284	1
4285	16
4286	3
4115	3
4287	6
4288	16
4289	1
4290	5
4292	26
4293	16
4294	42
4295	4
4296	3
4298	11
4299	1
4300	30
4301	5
4302	3
4303	42
4304	9
4307	2
4308	6
4309	10
4310	11
4311	3
4312	2
4313	6
4314	3
4315	8
4316	3
4317	2
4318	6
4319	4
4320	1
4321	26
4322	3
4323	4
4324	3
4325	4
4326	30
4327	26
4328	1
4329	29
4330	26
4331	3
4332	1
4333	16
4334	3
4335	2
4336	6
4337	1
4338	15
4339	3
4340	18
4341	19
4342	18
4343	8
4344	3
4345	8
4346	22
4347	23
4348	24
4349	3
4350	10
4351	15
4352	8
4353	6
4354	29
4355	1
4356	8
4357	3
4358	8
4359	16
4361	3
4362	3
4363	4
4364	3
4365	3
4366	20
4367	37
4368	26
3202	3
4369	15
1523	6
4370	29
4371	6
4372	29
4373	3
4374	13
4375	12
4376	3
4377	3
4378	26
4379	20
4380	8
4381	37
4383	3
4384	8
4385	26
4386	10
4387	1
4388	15
4389	3
4390	8
4391	3
4392	8
4393	1
4394	42
4395	3
4396	8
4397	0
4398	33
4399	34
4400	1
4401	3
4402	4
4403	26
4404	3
4405	3
4406	22
1602	2	23
1774	1
4408	3
4409	24
4410	3
4411	24
4412	3
4413	12
4415	24
4416	32
4417	3
4418	8
4419	1
4420	23
4421	24
4422	38
4423	3
4424	8
4425	1
4426	3
4427	3
4428	4
4429	26
4430	3
4431	15
4433	37
4434	15
4435	26
4436	20
4437	3
4438	42
4439	3
4440	8
4441	3
4442	2
4443	6
4444	3
4445	3
4447	37
4448	9
4449	37
4450	3
4451	1
4452	10
4453	11
4454	3
4455	4
4456	1
4457	8
4458	1
4460	3
4461	1
4462	0
4463	1
4464	3
4465	15
4466	3
4467	3
4468	1
4469	3
4470	3
4471	1
4472	3
4473	3
4474	23
4475	4
4476	3
4477	8
4478	3
2692	29
4479	24
4480	3
4481	3
4482	39
4483	6
4484	40
4485	10
4486	3
4487	3
4488	0
4489	10
4490	11
4491	3
4492	1
4493	3
4494	26
4495	5
4496	26
4497	26
4498	3
4499	30
4500	1
4501	18
4502	8
4503	3
4504	10
4505	1
4506	3
4507	3
4508	1
4509	32
4510	3
4511	3
4512	1
4513	0
4515	15
4516	3
4517	4
4518	26
4519	3
4520	8
4521	3
4522	21
4523	23
4524	24
4525	3
4526	8
4527	3
4528	32
4529	1
4530	3
4531	1
4532	10
4533	15
4534	8
4536	8
4537	37
4538	3
4539	3
4540	15
4541	2
4542	6
4543	32
4544	3
4545	1
4546	14
4547	3
4548	9
4549	1
4550	8
4551	3
4552	32
4553	26
4554	2
4555	6
4556	1
4557	14
4558	22
4559	23
4560	24
4561	4
4562	3
4563	6
4564	29
4565	1
4566	3
4567	8
4568	3
4569	3
4570	42
4571	3
4573	3
4574	13
4575	26
4576	3
4577	23
4578	32
4579	34
4581	3
4582	3
4583	8
4584	3
4585	3
4586	8
4587	1
4588	18
4589	19
4590	8
1232	30
4591	37
4592	4
4593	3
4594	15
4595	3
4596	1
4597	26
4598	3
4599	1
4600	37
4602	16
4603	1
220	3
4605	8
4606	4
4607	3
4608	26
4609	5
4610	3
4611	3
4612	3
4613	1
4614	29
4615	1
4616	3
4617	2
4618	6
4360	1
4619	16
4620	22
4621	23
4622	24
4623	3
4624	10
4625	1
4626	12
4627	3
4628	3
4629	4
4630	1
4631	9
4632	3
4633	12
4634	3
4635	18
4636	8
4637	8
4638	1
4639	42
4640	15
4641	4
4642	3
4643	1
4644	3
4645	3
4646	22
4647	23
4648	24
4649	45
4650	32
4651	3
4652	3
4653	21
4654	23
4655	24
4656	1
4657	3
4658	8
4659	26
4660	3
4661	21
4662	22
4663	23
4664	10
4665	11
4666	32
4667	33
4669	3
4670	1
4671	26
4672	3
4673	8
4674	3
4675	8
4676	10
4677	15
4678	16
4679	1
4681	26
4682	3
3817	8
4683	3
4684	3
4685	3
4686	3
4687	3
4688	1
4689	42
4690	1
4691	21
4692	22
4693	23
4694	24
4695	1
4696	2
4697	6
2651	1
4698	1
4699	20
4700	41
4701	42
4702	42
4703	26
4704	18
4705	3
4706	21
4707	22
4708	23
4709	24
4710	1
4711	3
4712	1
4713	3
4714	1
4715	3
461	3
4716	3
4717	34
4718	1
4719	1
4720	1
4721	1
4722	16
4723	18
4724	19
4725	41
4726	42
4727	4
4728	30
4729	32
4730	9
4731	10
4732	11
4733	26
4734	0
4735	16
4736	1
4737	10
4738	15
4739	3
4740	16
4742	3
4743	18
4744	8
4745	1
4746	30
4747	4
4748	3
4749	3
4750	26
4751	3
4752	9
4753	40
4754	30
4755	1
4756	1
4757	3
4759	3
4760	3
4761	3
4762	3
4764	32
1441	1
4765	10
4766	15
4767	26
4768	3
4769	26
4770	38
4771	31
4772	42
4775	18
4776	8
4777	21
4778	22
4779	24
4780	3
4781	8
4782	41
4783	42
4784	43
19	4
21	3
93	3
110	2
111	6
112	1
147	1
149	16
219	3
221	4
271	3
328	18
329	8
333	32
335	34
336	2
337	6
338	1
339	14
350	3
351	16
420	18
423	8
448	3
462	3
465	16
511	3
523	3
557	3
563	1	3
587	2
588	6
589	1
590	14
598	16
640	3
659	8
675	2
676	6
677	1
678	14
681	2
682	6
721	16
735	3
737	2
738	6
780	16
781	16
814	3
822	18
823	8
842	4
843	3
888	2
889	6
890	1
897	2
898	6
925	5
945	18
946	8
954	16
964	3
967	16
979	3
993	3
1026	3
1036	3
1049	6
1074	1
1084	1
1085	10
1116	3
1121	4
1122	3
1136	23
1137	14	24
1215	3
1220	3
1231	3
1251	3
1261	3
1263	4
1331	2
1332	6
1350	32
1351	33
1352	34
1362	16
1399	10
1400	11
1403	32
1433	3
1448	3
1465	22
1492	1
1511	1
1525	29
1527	1
1534	3
1595	32
1603	6
1630	3
1650	16
1685	16
1766	2
1767	6
1768	1
1804	3
1805	4	8
1822	3
1828	3
1830	3
1848	24
1900	10
1901	15
1918	3
1941	32
1943	3
1947	16
1954	16
1961	3
2027	32
2047	9
2071	6
2072	2
2075	2
2076	6
2129	1
2132	16
2152	3
2173	8
2191	16
2204	16
2237	5
2239	3
2312	15
2344	2
2345	6
2346	1
2352	2
2371	12
2374	16
2404	3
2453	15
2506	3
2534	4
2613	16
2639	16
2649	2
2650	6
2668	3
2684	2
2685	6
2686	1
2747	29
2799	6
2839	3
2855	1
2906	16
2909	3
2914	3
2920	1
2966	1
3153	1
3162	1
3233	3
3274	18
3275	8
3321	2
3322	6
3338	8
3372	1
3407	1
3418	18
3419	8
3423	18
3424	8
3446	15
3470	6
3484	6
3485	1
3610	1
3673	1
3691	9
3704	1
3757	1
3805	3
3827	8
3841	3
3945	2
3946	6
3958	8
3963	3
3971	2
3972	6
4027	15
4032	8
4033	1
4090	8
4097	8
4124	1
4147	1
4179	29
4187	1
4204	1
4213	8
4232	8
4264	32
4268	8
4270	3
4282	3
4291	8
4297	1
4305	1
4306	3
4382	4
4407	1
4414	12
4432	3
4446	3
4459	1
4514	2
4535	1
4572	29
4580	30
4601	32
4604	23
4668	3
4680	8
4741	1
4758	3
4763	3
4773	3
4774	3
