5	331	2165	1273
5	542	450	857
5	246	493	336
4	3027	14	218
18	496	497	498
5	915	1840	2404
7	1267	120	571	619
10	1391	1472	38
3	3090	11	12
2	1169	3137	9
4	2100	14	218
9	3567	951	1029
5	1316	2195	520
8	2992	69	65
17	1634	300	29
3	1455	11	12
25	2397	238	3472
5	1627	2596	874
9	1006	34	2714
6	2376	47	52
4	1477	14	218
10	1213	1457	38
5	1627	1601	452
4	1178	14	218
1	1085	1190	354	1255
5	547	414	18
2	675	1640	9
17	2699	3925	1100
13	1881	69	96
8	2707	69	65
10	36	1391	38
27	2161	2062	408
7	3263	3973	1100	983
5	1975	1976	1273
31	1933	300	29	1009
5	830	1721	520
5	821	246	178
6	2520	47	48
5	362	246	548
2	636	1102	9
27	4287	407	1785
6	317	47	52
5	830	661	614
10	1472	1391	38
1	780	1536	778	3056
10	2487	2480	38
25	855	120	856
1	386	385	2109	204
24	59	1185	673
5	661	886	520
7	3624	1657	3625	29
1	1085	1529	1528	3716
19	88	1185	90
15	2643	1049	458	459
5	4335	115	890
7	4265	426	526	497
5	873	451	2188
7	1267	120	281	282
9	1006	86	1269
2	3736	180	9
10	3957	2480	38
1	1860	746	1557	2758
8	3656	69	65
1	386	1484	2153	2154
7	2136	4249	571	62
5	1786	1627	548
10	529	492	38
6	2708	47	48
24	432	1426	1354
9	576	266	2193
6	2448	47	52
4	2318	14	218
5	3610	1627	452
10	1472	37	38
17	2699	2700	1100
5	451	246	178
7	2865	1657	3536	619
25	1284	4216	571
0	1294	2513	2
3	2715	618	3280
3	10	11	12
3	2058	11	12
13	3022	1891	551
5	1721	177	158
25	1829	1830	1100
7	570	27	571	470
10	1391	1027	38
19	608	128	166
26	1933	513	1934
8	3163	1908	1909
6	3723	47	52
5	492	451	452
13	4161	1891	551
20	457	240	458	459
5	529	451	452
19	127	128	1642
13	3763	1046	3209
5	529	610	143
6	1324	47	52
10	1572	1457	38
27	1783	1784	1785
4	2291	14	218
2	1394	1395	9
1	2428	3311	3312	3313
5	662	177	452
10	1572	1472	38
1	1061	227	1088	1089
3	4356	11	12
7	1267	120	281	619
5	362	492	548
27	3929	3930	1785
5	662	661	116
3	2225	11	12
6	3214	22	23
3	3079	11	12
5	3045	3046	1273
5	1583	1721	364
5	414	415	364
17	741	742	29
5	2873	915	116
7	1713	27	28	29
4	1587	14	218
21	2363	1173	2838
6	2185	47	52
13	3937	69	65
3	3302	11	12
23	457	1387	1388
29	1131	693	3901
10	1212	1457	38
8	684	69	65
27	3009	1352	408
9	2659	215	2437
8	4354	69	65
2	636	1729	9
5	1131	2002	106
3	3805	11	12
4	464	14	218
2	1438	1729	9
5	2084	2085	548
27	406	407	408
5	661	1583	857
24	832	1185	834
0	1294	2968	2
5	1583	177	452
4	1814	14	218
18	2774	497	2775
2	1076	1819	9
2	7	1712	9
20	432	433	434	435
5	2873	789	874
10	2479	2480	38
13	71	72	73
2	1169	2690	9
12	1267	43	1266	1265
2	1394	1135	9
21	135	951	1174
20	790	381	458	459
2	1023	1448	9
5	105	270	857
5	245	246	18
0	1294	2762	2
22	3987	1400	175	820
4	349	14	218
5	157	830	857
5	529	963	158
1	1860	355	996	1240
2	7	384	9
10	36	1457	38
6	1288	47	48
5	1583	661	116
2	1023	155	9
2	1023	1024	9
17	119	120	121
6	1774	47	52
3	2784	11	12
27	2161	3440	408
3	2752	11	12
18	2428	2429	221
17	3850	120	545
19	1139	128	2537
17	3416	300	1385
2	1394	1729	9
5	1533	1702	1273
5	2140	105	1273
16	2428	69	70	99
21	432	951	2812
6	4137	47	52
26	711	128	120
7	2978	1739	1100	470
5	362	245	548
9	1172	1173	968
7	1656	1657	1658	29
6	1837	22	23
19	432	150	434
24	187	1518	382
24	432	150	434
5	1316	1898	178
5	3613	3614	1273
10	1472	1457	38
10	37	1391	38
5	547	19	548
27	406	2811	408
8	2580	69	65
27	3856	407	408
6	1692	47	52
5	134	873	336
5	1721	1583	320
2	2141	1640	9
9	33	34	2193
1	687	351	2149	778
2	1394	2450	9
5	661	232	320
5	270	1527	520
5	2195	1316	143
24	88	1623	441
26	512	513	514
1	1434	227	2216	1061
3	4032	11	12
5	1037	1411	1273
17	3172	120	1301
12	741	43	1110	1109
1	780	309	778	3056
5	488	4273	857
1	204	385	386	202
2	1023	2450	9
2	1169	1876	9
27	406	2463	408
3	2729	11	12
6	631	47	52
2	369	1051	9
7	1698	2555	571	29
9	33	34	2838
21	961	951	2972
9	85	86	2354
5	1011	270	1769
10	4338	2480	38
17	650	3301	1100
9	576	500	2132
2	2321	1016	9
2	636	637	9
5	246	362	336
10	3041	2480	38
31	2428	221	2429	2430
2	179	180	9
21	1771	951	1772
5	450	1835	158
24	672	887	673
6	124	47	52
26	1539	513	1540
13	2800	1891	551
6	3706	22	23
2	636	1815	9
5	1898	1527	1273
5	415	414	336
2	636	528	9
2	1025	388	9
5	424	975	874
5	530	873	2188
9	1006	86	268
5	115	4335	520
7	991	300	571	29
15	187	647	382	383
9	85	86	1437
18	2715	2731	2716
5	246	393	394
5	1316	815	394
10	1472	1027	38
3	209	11	12
9	1065	266	968
5	2674	880	1369
1	1961	997	1667	813
3	3605	11	12
5	331	639	1273
19	832	887	834
2	1693	180	9
3	1290	11	12
5	873	530	874
2	1394	1491	9
3	4241	11	12
2	636	2050	9
26	512	513	1839
1	1667	1356	3187	3188
7	576	3147	3148	1385
2	1025	838	9
21	135	951	968
5	529	530	379
13	3208	1046	3209
9	33	34	35
6	2078	47	52
2	860	2050	9
20	672	2040	703	704
17	380	1657	497
5	661	156	178
19	288	128	166
24	432	433	434
24	59	1185	703
31	2525	1619	497	2526
2	3149	1729	9
13	2593	69	65
31	2314	597	619	571
5	1316	3015	1769
13	3618	69	96
1	1859	1344	354	1667
5	1527	974	336
17	1773	300	545
21	2363	2053	2714
20	2489	240	382	383
5	1643	547	394
21	1517	183	2250
6	1742	22	23
31	3681	3682	759	1100
15	457	89	458	459
5	659	56	394
27	406	3440	408
9	85	86	87
5	547	1316	520
2	1818	3215	9
5	2861	1975	1273
21	1517	183	213
0	1294	3115	2
13	101	72	73
30	2666	12	11
6	1366	47	52
5	20	1643	320
8	3441	1908	1909
5	157	886	857
6	1219	47	646
6	1040	47	646
3	3663	11	12
5	16	1835	158
10	2688	2480	38
5	519	831	18
9	2363	1173	268
2	636	155	9
1	996	355	1859	1860
5	915	639	2404
5	134	246	18
1	687	351	2867	2725
5	611	451	452
27	2086	2108	408
9	85	86	1168
5	974	270	320
20	2489	89	382	383
2	1025	3091	9
27	2391	2062	408
10	915	942	38
18	3478	513	3479
21	33	34	1458
8	4419	69	65
6	1750	47	48
24	439	1623	1624
10	1391	1213	38
5	115	1994	663
17	2852	2853	497
5	414	547	18
9	2363	1173	1188
3	3461	11	12
5	115	1467	116
5	1584	661	106
2	1023	1582	9
13	3793	69	65
6	4259	22	23
19	2315	128	2537
10	915	3430	38
18	3048	29	238
19	127	128	1140
7	1705	27	571	62
3	4429	11	12
13	1241	1400	176
5	1702	1494	548
6	21	22	23
9	2363	1173	2364
10	1855	2480	38
9	1172	215	1802
26	2185	128	238
24	88	1185	1624
5	1038	451	452
1	1061	227	1434	457
19	127	128	487
15	2489	240	382	383
3	4175	11	12
8	4182	69	65
19	127	128	305
25	1532	238	571
2	1083	1819	9
5	873	877	364
19	1986	128	2537
21	1517	183	1458
9	33	34	1222
12	1109	43	1110	741
19	380	456	382
5	177	156	548
6	1219	47	52
5	1405	1404	857
6	2903	47	52
2	7	2077	9
8	2898	69	65
2	1818	1819	9
2	1984	3806	9
19	1248	128	2537
9	33	34	1105
4	2691	14	218
2	2321	565	9
24	672	1185	673
5	542	611	857
9	33	167	267
5	118	19	874
5	1721	1430	364
3	4097	11	12
13	1054	69	65
15	457	440	458	459
27	3856	4366	408
1	1961	1344	386	1666
2	1025	2151	9
5	2187	2165	1273
16	1487	1488	1489	679
10	915	2300	233
2	636	1858	9
9	1517	183	2714
17	2397	2398	497
5	1292	177	548
13	4229	4230	3209
24	380	456	382
1	2457	746	2096	386
16	3759	69	3760	65
3	3641	11	12
13	68	69	70
5	2873	1316	1273
1	1666	997	1085	1667
13	1564	69	65
2	1169	3634	9
10	1572	1391	38
5	19	1786	1369
5	807	659	336
13	4188	1908	1909
6	741	22	52
21	1517	183	2972
1	688	351	2149	687
6	1910	47	52
9	2685	951	1802
6	2613	47	52
10	1391	1457	38
3	2373	11	12
3	2435	11	12
9	1006	34	1458
21	33	34	148
6	1310	47	48
19	127	128	1380
5	2674	705	1273
2	7	8	9
21	33	34	709
2	1818	1077	9
19	127	128	2190
19	1724	128	2537
0	1294	4226	2
20	1339	240	1180	1181
5	105	1685	1273
17	2413	1002	2414
15	672	2040	703	704
15	59	2040	703	704
5	830	831	364
2	1394	731	9
29	1131	693	1132
2	1818	565	9
5	530	1411	1369
13	3375	1891	551
9	169	951	501
13	2889	69	65
15	1339	89	1180	1181
6	2757	47	52
2	1025	4192	9
27	2061	2062	1785
5	246	451	452
24	432	4180	434
25	488	1763	1100
2	7	2473	9
2	537	2675	9
5	1411	530	874
5	1643	20	364
1	689	1598	687	2692
2	1984	1985	9
13	495	1400	820
20	2307	740	1180	1181
5	915	2197	18
5	246	542	116
6	1052	22	23
10	660	1391	38
2	179	1729	9
25	710	238	281
2	7	1734	9
10	246	611	233
5	1467	115	857
27	2061	3061	1785
0	1294	2182	1794
6	2243	22	23
1	386	1344	354	1961
27	894	1729	896
3	2199	11	12
3	2715	3537	3538
20	457	89	458	459
5	963	363	857
19	643	128	166
1	1860	1621	1240	3122
2	369	103	9
5	246	877	364
25	966	221	1100
5	177	1721	857
2	1023	2370	9
1	3313	3311	2428	2428
2	537	1276	9
9	33	34	1650
13	2284	2148	679
27	2391	3440	408
3	2715	1371	3538
2	860	3039	9
8	3836	69	65
2	3484	180	9
24	439	1623	90
18	2006	513	2007
10	1213	1391	38
5	1151	157	548
9	576	266	1437
5	610	873	874
7	3113	120	427	29
3	4204	11	12
5	661	1292	18
10	1391	850	38
2	1025	50	9
8	1890	1891	551
5	414	20	364
2	537	914	9
5	886	661	106
25	2961	238	852
7	3936	3088	28	29
6	1030	47	48
5	915	1749	178
24	88	1185	90
3	3938	11	12
9	33	167	2745
5	831	519	18
3	1204	11	12
8	749	69	65
27	3910	3800	408
3	1709	11	12
4	2412	14	218
2	2321	731	9
22	2678	1482	4268	679
2	1025	1026	9
17	1813	1002	62
10	1472	1213	38
24	380	2060	382
