6	523	22	52
10	1234	67	38
13	3746	2591	3788
2	615	1903	9
22	1892	1893	1894	172
11	1033	1034	1035
20	878	240	90	91
6	3799	22	52
30	2615	606	607
2	552	2355	9
2	1103	2196	9
5	177	1292	336
13	797	798	799
5	610	1038	520
3	2568	2569	2201
10	1877	133	38
2	1182	2877	9
2	3075	2362	9
22	1870	98	70	99
10	909	1741	38
10	437	4059	38
30	3087	1044	3854
5	104	20	368
2	2106	2107	9
5	3210	1433	520
13	2432	1482	551
16	2876	1833	70	99
9	3508	1173	2126
2	2515	4169	9
5	3338	1494	178
9	228	183	962
2	1857	1069	9
22	2283	98	70	99
8	2756	667	65
9	3262	1173	2132
1	3801	4433	4434	4435
2	1270	1480	9
2	1207	1208	9
16	933	3727	3986	65
2	999	1000	9
2	3903	103	9
22	3933	98	70	99
5	547	1162	18
25	1587	1588	1009
1	2097	1356	357	1418
2	945	4046	9
5	611	393	394
6	3946	3947	646
30	2702	3124	2720
26	1154	128	3017
12	447	276	448	449
16	3419	98	70	99
22	835	98	70	99
10	1055	132	38
2	853	2887	9
22	1918	3138	1920	172
5	1038	493	336
10	1877	595	38
22	515	3085	3086	172
5	492	610	143
22	455	98	70	99
2	2056	1790	9
22	3691	98	70	99
13	4288	98	96
1	867	746	2805	869
21	499	500	501
9	1028	266	1029
2	1074	1287	9
20	339	340	341	342
28	1097	489	490
8	2129	2130	2131
2	1651	373	9
1	1597	1598	311	1599
2	3588	4299	9
2	1443	4349	9
2	3235	3310	9
31	757	4191	423	3323
25	1670	2906	852
13	2090	98	96
16	1870	371	899	65
14	733	276	734
2	3218	2001	9
0	664	811	2
25	261	1878	427
18	3448	540	866
1	1719	939	1969	1970
2	243	244	9
5	1056	1161	614
2	2515	4225	9
6	2839	22	48
2	615	1112	9
27	2446	140	732
25	3432	3433	526
1	2224	1344	4127	4244
1	779	309	2813	778
22	2504	2505	250	2024
2	4212	4213	9
9	1006	2914	3033
14	283	43	284
24	3174	1616	1163
13	2814	98	96
2	1695	2144	9
22	1121	2296	1474	172
2	917	3489	9
2	2937	4215	9
14	2538	43	2539
14	4450	43	4451
24	88	1381	441
8	2671	2672	2673
10	144	3812	38
15	88	89	90	91
12	1363	193	1364	1365
2	2451	2452	9
20	2307	381	648	649
20	878	89	90	91
21	499	500	1174
2	2832	2833	9
25	3117	3366	852
2	1126	2270	9
2	1119	2104	9
25	2566	3545	852
2	3402	2527	9
2	1103	658	9
2	1182	2417	9
10	2025	1566	38
4	1082	54	55
21	265	266	1229
26	2314	3815	428
9	2647	1173	1499
2	1017	1171	9
5	157	1584	663
5	807	2535	394
2	303	1669	9
10	1889	67	38
17	2043	60	29
22	1626	98	70	99
27	1570	522	1237
24	439	1291	1624
2	1401	1402	9
2	653	1493	9
10	2186	67	38
2	1076	3101	9
21	265	266	267
1	354	1344	1666	1859
5	880	1541	178
2	1979	373	9
10	910	1865	38
5	2368	16	320
2	163	384	9
2	2466	2467	9
8	2234	1122	372
18	3259	1217	3260
2	1896	3662	9
2	146	737	9
2	399	384	9
2	2150	103	9
30	3048	3152	3153
7	1730	60	61	62
1	2097	786	3786	3787
5	20	1415	364
16	4003	667	70	99
21	265	266	2714
7	3867	445	61	29
20	832	440	834	900
10	157	2410	233
8	3239	2148	551
2	1979	854	9
5	1292	2635	368
2	301	2107	9
2	3198	2342	9
13	3053	3054	1264
13	4342	98	96
2	3736	522	9
13	795	98	99
5	1821	4344	38
31	2540	4249	423	4250
19	1525	128	1526
2	80	140	9
7	3501	725	526	29
28	2431	489	490
2	1625	1904	9
13	2872	250	920
2	1270	1691	9
13	3507	1482	551
4	417	14	15
2	478	4187	9
5	547	1976	322
5	19	547	320
5	1415	2384	890
8	1247	225	65
1	785	786	787	788
5	1160	1161	320
10	2635	1152	233
5	1405	690	614
13	1157	1158	1159
2	615	3692	9
19	149	150	151
2	365	366	9
19	88	1381	441
1	1392	355	1393	356
5	1433	1824	1058
7	1003	633	281	423
6	197	200	201
7	906	498	526	29
1	1326	75	3705	1325
25	3867	4283	61
17	4108	3153	1301
1	2457	1621	2458	2459
1	2567	1598	603	3006
2	4401	728	9
1	869	355	867	1393
6	531	200	201
17	632	3750	619
2	154	2352	9
14	2348	193	2349
2	1401	2275	9
1	1211	1621	748	1664
17	512	3830	1681
8	3958	769	65
6	2122	2123	52
7	836	618	837	545
5	804	424	18
17	1813	1619	29
13	2000	98	96
2	4189	4190	9
5	492	1037	1058
6	1799	1350	646
2	2071	2072	9
1	353	351	3384	352
2	2788	2001	9
9	265	266	1458
2	3484	3411	9
1	2416	1344	1662	2415
5	542	492	663
13	2502	641	642
16	3677	126	70	99
2	3184	3444	9
13	1999	98	96
18	2006	282	3809
2	723	1868	9
26	3554	128	3555
1	784	1536	688	777
12	1155	276	1154	1156
16	978	979	980	65
27	730	4336	732
17	1973	27	62
14	477	193	476
19	1724	128	1407
2	4184	4185	9
23	1386	1387	1388
5	1980	1981	320
8	1885	1315	1886
2	527	528	9
5	1975	3595	663
2	482	3268	9
4	4292	54	55
10	1945	1566	38
1	3557	1417	941	1393
10	210	1337	38
17	826	2960	759
5	16	17	18
2	1124	1125	9
12	312	313	314	315
2	771	4163	9
31	3767	514	62	2706
5	563	19	18
15	88	440	90	91
2	1804	696	9
13	3065	263	327
8	1263	263	1264
2	1107	1108	9
1	1895	203	3962	4164
17	1166	1167	545
13	4072	98	96
13	185	98	96
5	363	362	336
6	2917	22	48
2	2763	2514	9
11	3974	1278	2703
22	4123	98	70	99
5	105	2140	2188
5	443	807	178
17	4347	2990	470
2	2441	4211	9
2	927	1519	9
10	910	1983	38
12	1156	276	1155	1154
2	163	2546	9
1	1556	3714	3715	3716
18	1539	423	618
1	1537	746	4130	972
2	1017	3409	9
4	1079	54	55
14	2276	43	1412
13	2147	2148	551
5	451	16	520
1	2458	1621	1393	3364
1	625	626	627	628
29	555	556	557
2	1004	1005	9
13	3156	3870	799
8	2653	98	65
17	567	27	29
18	4243	540	541
14	4069	43	2502
2	1842	1084	9
2	1017	3415	9
0	3721	307	2
13	1205	98	96
15	339	340	341	342
22	2266	769	2267	99
2	762	1803	9
1	1560	1243	1558	3142
14	2974	276	4286
16	2747	225	1591	96
5	1038	530	379
2	1609	2791	9
28	3674	489	490
2	1443	3197	9
17	1327	60	62
8	185	98	99
2	1580	535	9
5	3596	690	320
7	3263	3264	3265	62
1	3005	1598	3006	311
22	4162	434	2020	172
2	1716	2355	9
2	159	4343	9
23	2561	3732	2237
20	2489	240	1090	3223
2	1126	1127	9
2	1490	3107	9
6	2980	2981	646
1	2721	746	2722	748
6	1052	22	201
2	154	3107	9
5	690	1405	1769
4	3519	54	55
13	125	98	96
2	2037	3880	9
17	3289	3361	121
10	1565	1946	38
14	677	193	1890
3	3042	3043	3044
19	1724	128	4125
13	3796	2991	799
13	2492	1315	601
25	3245	809	810
9	1006	1285	2354
2	574	3843	9
5	1037	134	520
2	3751	4053	9
8	1821	263	1822
8	1845	98	99
13	3462	250	920
10	1983	2083	38
5	2367	2368	18
7	4371	27	281	29
13	4065	98	96
10	1869	691	233
13	1386	170	172
17	1813	1619	62
8	682	641	642
6	2243	22	201
5	1707	1708	368
17	26	3825	62
10	2892	2893	38
5	177	1541	336
9	1172	1173	1333
8	1929	98	65
30	3550	606	3551
2	668	669	9
5	473	2920	475
2	1442	2001	9
13	477	2573	920
2	301	876	9
11	1743	252	2271
20	672	89	673	674
10	1212	850	38
10	1212	37	38
17	3882	742	1301
2	1103	731	9
12	3708	276	3709	3710
22	431	98	70	99
0	1197	4133	2
13	3934	2754	923
14	1890	193	677
2	568	388	9
5	105	1840	320
10	1578	1579	38
6	4318	1350	646
11	3081	40	41
6	51	22	48
13	4348	98	96
6	644	645	646
31	3953	544	29	4155
8	3968	3969	2605
15	187	188	648	649
20	88	89	441	442
22	751	1387	1388	172
9	182	708	1228
26	826	128	514
27	3110	2444	3111
2	762	1715	9
2	1628	970	9
5	3228	4445	3230
2	2344	2345	9
9	707	183	2065
2	2273	2394	9
5	450	362	336
2	2143	2362	9
18	444	1217	742
5	1117	396	18
4	2128	54	55
5	4210	2873	520
22	3168	1563	1474	172
2	290	291	9
14	1971	83	1972
9	3024	266	1931
5	1965	1898	2188
2	1202	2497	9
6	3615	22	52
13	554	98	96
12	3128	193	3127	1070
2	1094	1790	9
10	1855	1856	38
24	1184	833	334
5	2849	1326	18
6	4289	1350	646
2	2792	803	9
1	867	355	868	868
2	507	508	9
5	104	974	178
5	2635	1292	368
1	581	582	583	584
13	2483	2601	264
6	4405	1350	646
10	79	4424	38
2	2899	3970	9
5	1393	1393	106
10	437	4160	38
8	4028	4029	1647
2	154	2977	9
2	2607	4257	9
7	3140	618	1142	545
14	2908	2909	2910
1	308	309	310	311
2	1091	2675	9
14	1412	43	2276
2	2150	3145	9
2	139	3358	9
2	2011	4041	9
6	2803	22	52
2	4242	3589	9
25	4108	1313	61
16	3514	3515	2267	99
2	1401	1127	9
22	4266	4267	4268	551
4	3834	54	55
2	723	724	9
27	1113	1114	1115
5	450	393	394
2	159	2856	9
5	393	1038	394
9	1996	1173	1222
8	4083	4221	4222
5	156	886	18
7	4350	1619	281	29
2	743	744	9
13	841	1315	601
14	3272	3273	3274
2	3526	3101	9
14	1106	193	922
23	2510	2511	2512
2	1401	2444	9
27	2506	4223	1115
9	2837	266	2838
8	2996	2055	2997
2	328	103	9
5	804	1627	18
1	3006	1598	2567	3005
2	92	1063	9
13	3586	250	920
2	675	676	9
20	187	188	189	190
26	711	128	3023
6	2185	22	52
13	3385	98	96
2	2037	2038	9
2	1419	2744	9
5	197	321	322
13	2732	2733	802
26	734	2145	4454
0	1197	3115	2
1	473	3895	4110	4111
12	3710	276	3709	3708
13	3558	98	96
20	59	1343	673	674
19	1724	128	2907
14	922	193	1106
24	149	1426	151
1	4224	108	109	107
6	1042	1043	1044
5	1433	2589	614
2	1270	1271	9
13	2445	98	96
2	146	3383	9
10	3025	3908	38
19	735	128	2169
28	4159	489	490
10	2579	889	38
6	849	200	201
7	3680	1619	1142	29
2	1202	3824	9
2	130	2468	9
20	339	340	648	649
10	3699	3847	233
12	448	276	449	447
6	197	198	646
5	2059	789	178
10	4248	3847	233
5	3693	3694	3695
27	2446	2258	732
14	4286	276	2974
8	125	126	65
17	1166	3264	62
12	1070	193	3128	3127
21	499	500	1333
11	2979	40	41
5	318	319	320
1	285	286	287	287
2	1473	155	9
10	1405	2474	233
5	17	1037	1058
13	2857	98	96
2	1124	1096	9
2	1317	1318	9
18	1139	540	1453
2	653	3201	9
9	2798	2053	2799
8	3765	2055	601
5	56	3889	394
2	1017	2400	9
2	1990	2822	9
17	2564	2565	62
2	3903	569	9
5	4018	2187	336
9	3416	708	1105
10	231	722	38
5	1976	3095	178
17	2086	2087	62
10	36	850	38
10	36	37	38
10	1055	595	38
2	1804	893	9
20	214	1049	586	957
2	698	699	9
5	1749	639	116
2	1609	2529	9
2	1660	1661	9
29	650	651	652
10	152	1059	38
6	1502	22	48
2	49	50	9
27	1581	407	1353
13	3644	3645	3646
13	3935	98	96
5	330	331	320
2	2409	3434	9
5	1592	705	394
13	2076	817	96
18	3276	540	487
4	2079	54	55
2	102	716	9
21	707	183	2393
8	224	225	65
2	2031	2032	9
2	1015	1296	9
8	2133	1511	1512
2	3068	3873	9
5	393	450	394
19	1139	128	2939
1	1334	227	832	1335
11	1743	252	2840
2	1567	928	9
30	311	846	250
16	2285	1374	2015	65
12	912	43	911	913
2	615	1135	9
2	3402	4096	9
2	387	1497	9
13	4077	1149	1150
25	425	426	427
10	634	2669	38
2	80	81	9
13	3166	98	99
1	1416	1417	1418	1255
2	1567	1997	9
1	310	309	603	308
5	3343	3344	106
10	454	67	38
5	424	2862	178
20	1752	2040	1617	1753
6	566	22	52
14	3581	43	2295
2	163	3207	9
8	2324	1833	65
14	2295	43	3581
2	301	3921	9
5	20	3848	394
1	2984	2985	3496	3497
7	2854	2855	281	3092
6	1995	22	52
5	1411	963	1058
1	356	1344	1392	202
2	2031	3468	9
2	1857	2786	9
23	249	250	250
27	2506	1114	1115
2	720	2135	9
5	377	547	106
10	132	509	38
16	2628	98	70	99
2	1804	2675	9
2	1842	1843	9
28	3007	489	490
2	2832	2921	9
10	910	1741	38
7	996	2206	526	423
24	59	3593	703
5	612	613	614
21	2125	2053	1029
13	3456	98	96
7	2633	4085	2634	423
5	3045	3072	364
1	76	75	2181	74
2	1209	1210	9
5	2218	2219	1215
5	331	2197	364
2	1827	761	9
15	2659	340	2660	2661
1	360	359	4234	358
15	187	647	189	190
1	1355	1484	1859	3388
13	1637	1638	1639
2	715	716	9
2	2241	2242	9
12	1175	43	1176	1177
6	1072	505	506
2	892	2256	9
7	3140	4341	1142	470
10	3224	559	560
2	1286	2162	9
2	3149	2921	9
5	821	1038	520
13	2750	170	172
5	3453	638	394
2	762	2196	9
30	3386	846	3387
16	2369	98	70	99
19	1139	128	2575
2	179	3600	9
10	830	1429	233
5	2218	3353	106
23	1339	1340	1341
8	1382	1046	65
5	156	1547	1215
2	139	1395	9
7	3979	27	1142	470
9	988	183	35
1	972	1344	868	2317
22	4355	2933	1474	172
9	85	167	501
5	1627	105	320
7	3890	3891	392	545
2	478	2663	9
2	1083	3907	9
2	3351	3352	9
8	3540	170	172
2	2011	291	9
17	911	1619	29
20	878	440	90	91
2	3261	1102	9
5	362	1038	364
2	1490	1332	9
12	4236	276	3001	4235
2	1461	553	9
21	1227	708	2126
10	1478	3757	38
5	1541	156	1769
2	945	4312	9
31	632	633	423	579
10	1877	2325	38
2	1628	4163	9
10	132	2742	38
13	2628	98	96
13	549	550	551
3	2026	3200	12
16	4251	589	70	99
2	102	103	9
24	332	333	334
13	1481	1482	551
11	3050	3051	3052
2	1336	3207	9
6	3510	22	48
16	1468	1469	1470	65
17	765	27	545
19	672	1408	703
10	2645	3431	38
1	354	1621	357	1622
7	596	1372	598	423
8	3382	1149	1150
27	1789	1974	732
2	478	3217	9
2	685	960	9
9	1006	1285	1168
2	615	616	9
12	621	276	3076	2649
2	1419	3363	9
2	337	338	9
10	132	1055	38
2	296	4197	9
7	3028	1619	281	29
9	85	167	1174
30	3844	239	3845
2	3235	3236	9
5	1116	1117	106
16	4058	2591	1470	65
2	478	479	9
24	439	1291	90
18	2548	540	3650
10	1632	1633	38
2	292	324	9
6	3385	22	52
2	1857	1858	9
5	331	330	364
2	161	2228	9
16	2809	98	70	99
0	0	948	2
1	2654	2655	2656	2657
27	2506	3440	1353
2	1827	4456	9
20	149	433	151	957
2	904	2791	9
15	832	440	834	900
17	465	466	29
2	1074	1075	9
19	1139	128	1642
2	1270	1138	9
17	4042	536	29
8	554	840	65
2	2141	4041	9
13	4044	98	96
31	2540	468	29	598
2	2360	2361	9
1	3718	359	3719	3720
13	2338	1158	551
9	2647	1173	709
24	3791	1381	3792
9	1268	183	1105
2	2127	3782	9
9	961	183	268
2	163	164	9
1	1743	939	1744	1745
11	13	40	41
2	1932	4075	9
5	2425	2426	2427
5	1627	1840	614
9	3652	500	2972
1	1255	1344	1345	1346
1	3613	4126	4127	4128
11	349	40	41
2	154	155	9
13	1704	98	96
5	638	804	520
2	883	4049	9
20	88	89	90	91
2	675	528	9
13	3106	1700	172
2	927	2091	9
5	3394	3395	364
17	2615	27	29
22	4321	98	70	99
10	454	398	38
2	296	1130	9
5	2367	1342	18
2	3203	3204	9
2	159	884	9
17	2929	2930	1301
2	1443	1585	9
13	4428	98	96
10	1504	2519	38
16	1910	3670	3671	65
2	1319	1320	9
1	2813	1536	353	779
5	362	450	364
1	352	351	2766	350
5	563	117	18
10	2036	231	38
1	2096	1356	2563	357
22	1314	174	3086	172
2	1461	1462	9
2	1286	1287	9
6	208	198	52
5	3210	177	379
2	3008	2447	9
13	3855	98	96
2	3861	2335	9
1	787	1484	2578	1447
2	146	147	9
19	288	128	289
19	832	1258	834
27	1789	2256	732
6	3838	22	52
2	3016	905	9
5	492	542	116
1	2416	4	3701	3702
6	2281	1350	646
2	1091	3303	9
28	1915	489	490
10	132	2325	38
13	4089	2434	926
2	917	3327	9
10	144	145	38
14	2865	83	908
10	1289	398	38
25	543	2282	392
5	2367	451	158
16	3588	769	2267	99
5	450	821	890
5	177	232	614
2	1182	1595	9
14	3279	276	3278
25	2854	2855	281
1	1393	1417	3557	4214
15	2375	240	410	411
13	839	840	96
6	713	3216	52
5	1429	519	18
17	532	4168	62
13	1916	434	172
5	20	2535	364
4	1178	54	55
2	482	1102	9
2	387	388	9
2	917	3600	9
13	2157	98	96
14	1952	193	1953
30	3087	1044	3088
5	638	3453	394
20	88	440	441	442
5	156	177	336
13	2401	98	96
1	1421	1484	3388	3389
0	664	307	2
6	3335	3336	52
7	2592	27	1009	1301
31	2198	27	29	281
2	2490	2527	9
6	2993	3947	646
30	1451	2884	4227
14	476	193	477
14	3076	3418	621
2	161	4254	9
16	2356	3449	3450	99
10	2186	1234	38
22	491	98	70	99
2	1076	3059	9
25	3678	3679	427
30	2263	1044	2964
2	296	861	9
22	3347	98	70	99
13	3150	98	96
7	2616	2617	2618	62
4	3339	14	15
9	1065	266	709
2	2210	1832	9
13	82	4043	172
2	3304	3516	9
10	1983	1741	38
2	323	4183	9
10	595	1877	38
1	356	355	1392	354
2	3011	3012	9
13	1053	98	96
15	878	89	90	91
2	4460	3697	9
1	3292	3291	4017	3290
2	2008	2009	9
5	451	611	520
2	2515	508	9
2	3751	1483	9
5	1405	1547	178
13	2580	98	96
2	892	4040	9
16	715	3449	3450	99
26	3617	128	3754
5	20	807	18
2	1202	4056	9
1	251	252	253	2998
19	486	128	1449
10	1503	910	38
31	1746	1747	29	281
2	3402	3713	9
5	16	245	18
19	1184	833	1163
1	1622	355	357	357
28	3010	489	490
19	832	833	834
20	59	240	1574	1575
2	4202	4203	9
17	1246	27	62
17	1020	1021	1022
22	1538	170	171	172
2	871	2450	9
15	3619	740	834	900
2	1567	2546	9
2	243	1806	9
22	2698	98	70	99
2	1435	1436	9
20	59	89	1574	1575
5	963	1411	520
1	604	309	776	603
31	1670	1739	470	852
10	804	118	233
25	3926	3927	3928
2	1124	1648	9
5	4090	690	394
12	3709	276	3710	3708
13	3349	3350	96
2	945	946	9
9	1006	2914	2812
2	301	324	9
13	4359	4146	96
12	1364	193	1363	1365
2	1513	3396	9
20	380	381	1163	3724
4	3405	54	55
17	2086	2530	1681
2	1103	848	9
28	1977	489	490
5	3686	3687	379
2	883	884	9
2	3881	960	9
19	1694	128	4363
13	1382	98	99
27	1235	1236	1237
19	865	128	1407
5	393	16	394
2	3149	1138	9
24	1615	1616	1617
12	277	276	278	275
5	1292	2029	394
10	363	611	233
17	3953	3954	470
2	1490	1903	9
7	2633	633	2634	282
13	502	98	96
30	3367	846	3368
5	547	822	18
2	1424	1425	9
10	2610	1566	38
5	1037	492	178
24	214	333	586
17	2929	2930	470
28	3874	489	490
5	378	789	379
23	3393	170	171
1	1556	746	1416	1557
31	1240	903	62	852
14	274	193	273
13	3503	326	3504
5	1038	858	116
5	789	378	379
2	303	2503	9
5	1976	1627	2188
5	789	547	143
7	3936	1619	2419	545
28	2566	489	490
2	534	535	9
10	2487	1856	38
5	3151	3151	520
2	1101	731	9
1	971	746	972	973
1	1143	1144	1145	1146
17	2030	511	121
7	1850	633	1009	29
28	3058	489	490
1	1957	1958	1959	1960
2	969	3243	9
6	3119	1350	646
2	3828	1696	9
10	3025	3026	38
2	2248	616	9
19	1800	128	1801
3	3429	1450	2884
5	1494	104	116
2	3426	1138	9
12	195	193	194	192
2	2360	575	9
13	1514	1515	96
22	702	98	70	99
7	617	618	281	423
13	2244	98	96
24	1606	4000	1607
14	3542	193	3543
11	3578	1278	2697
30	350	846	2184
27	3326	895	1237
2	2988	1084	9
10	3982	3983	38
8	1362	225	65
5	821	17	520
2	3623	2447	9
2	2273	2274	9
4	2291	54	55
13	2621	2622	2623
2	1757	3070	9
2	2832	3192	9
10	2233	3171	38
2	2031	3332	9
2	49	1665	9
2	303	304	9
7	1925	1926	526	29
6	1451	1452	52
6	2613	505	52
9	2125	1173	1931
2	1209	2010	9
2	1308	1964	9
27	1235	2704	1237
2	1461	103	9
14	1973	402	2668
2	323	324	9
8	4036	4037	65
25	2847	2499	4102
4	2464	14	15
2	771	4447	9
2	668	2602	9
6	1106	22	52
5	362	17	364
19	288	128	2794
18	1525	540	487
2	2209	2786	9
5	1494	1702	320
6	199	198	52
13	4398	250	920
15	1339	240	648	649
5	245	821	890
1	251	1484	1485	1486
27	2446	2447	732
2	1119	3236	9
9	2124	183	952
16	3078	1046	372	99
26	711	2292	920
25	1930	1739	852
23	3125	995	3126
5	2218	2922	1215
1	973	355	971	1537
5	362	877	364
5	1545	1546	18
2	1676	3077	9
8	1280	2543	601
9	1172	1173	2714
2	1630	291	9
2	3397	565	9
8	4279	3464	4305
2	2409	3346	9
10	3035	3036	233
2	2832	3880	9
5	1404	3518	890
5	451	492	178
9	212	183	501
12	3156	276	3155	3154
10	118	804	233
1	953	954	955	956
26	599	128	4383
19	187	1518	648
8	1644	4153	4154
16	2039	98	70	99
24	707	2174	1460
2	2210	3059	9
1	2984	3535	3496	3497
2	1419	3626	9
6	4258	22	48
2	292	293	9
5	2859	4412	520
21	1028	500	1756
18	1828	540	1453
14	3831	276	1481
13	1796	98	96
1	2149	351	688	688
5	16	821	890
4	1587	54	55
2	3426	2879	9
5	157	705	520
13	45	98	96
5	1405	4438	1215
2	2334	2335	9
10	2245	2246	38
2	4144	1805	9
17	1722	1723	62
2	365	103	9
16	1810	2559	372	99
2	1091	1077	9
29	1303	556	1304
2	3728	1968	9
20	672	440	1574	1575
24	1184	1381	1163
2	1644	3813	9
10	1504	1503	38
6	3560	22	48
5	375	376	143
2	853	2196	9
8	1882	98	65
2	1625	3599	9
10	1337	211	38
2	3169	3170	9
2	4256	4257	9
5	530	492	379
13	224	170	172
5	245	16	18
16	173	174	175	176
2	1317	2262	9
5	363	542	116
13	4062	4063	1909
14	472	276	471
2	1331	1271	9
10	1212	1027	38
1	3801	3019	3018	3018
2	1308	1631	9
2	1630	1631	9
14	494	193	495
10	2619	1856	38
8	3793	98	65
16	3491	3492	372	99
7	279	280	281	282
2	2607	2608	9
13	3948	2991	799
5	362	16	364
30	2962	2963	2964
8	841	98	65
2	1644	1645	9
8	2012	2013	2014
4	464	54	55
14	2286	276	2287
20	59	440	1574	1575
0	1846	2968	2
10	2101	2102	38
2	1979	1104	9
16	2689	562	1474	172
7	3570	3571	281	29
2	49	870	9
8	2942	2943	485
5	177	157	1215
13	3478	798	799
22	2042	98	70	99
18	2152	540	882
10	1503	909	38
2	1759	1760	9
10	152	3398	38
5	530	450	394
10	4218	830	233
13	1740	98	96
5	1433	830	320
5	2368	1411	890
5	2861	2862	663
24	214	585	586
6	3271	1350	646
7	3168	3221	281	1301
1	868	385	867	867
2	292	1462	9
5	1404	1405	158
1	688	309	783	784
10	78	79	38
2	1317	1210	9
2	4387	4388	9
9	1492	500	216
7	2498	3776	526	470
10	2619	2620	38
5	662	519	18
0	1854	665	2
20	2726	433	2761	649
13	2969	2970	799
22	4345	98	70	99
10	611	363	233
5	2165	2187	2188
2	2209	796	9
5	975	424	2188
2	917	2887	9
5	134	362	336
18	3603	62	3604
2	1103	2352	9
2	655	656	9
5	157	156	663
2	243	2242	9
5	1432	1433	18
2	2763	3107	9
1	2494	351	352	2149
13	409	2933	172
2	875	876	9
2	871	3411	9
2	2351	3600	9
13	1692	1158	551
10	2625	4396	38
17	84	389	29
2	715	3599	9
16	3283	2591	3284	99
12	902	193	596	2508
19	2803	128	2906
22	1698	1699	1700	172
5	450	610	143
2	1567	2468	9
2	2171	4385	9
5	862	863	106
5	312	1771	18
4	1817	54	55
22	2590	2591	1470	65
2	1990	1991	9
13	3581	2119	2120
22	3665	3481	3666	99
2	1074	2810	9
22	2974	2975	2976	485
8	2048	1413	1414
7	3995	4394	837	62
1	3894	3895	3896	3897
2	3333	3334	9
10	1572	1027	38
5	105	1162	394
19	2315	128	2939
5	16	134	18
9	1006	167	2065
21	499	500	2193
10	37	850	38
5	2535	20	320
1	603	309	604	604
6	767	22	48
10	1463	1464	38
19	1248	128	712
5	822	57	58
24	380	456	1090
6	2680	2728	52
5	377	815	394
2	154	1491	9
13	2611	2612	172
2	1401	400	9
9	707	183	2886
5	2978	584	364
23	1360	1257	1361
26	2263	646	2264
17	2525	1851	423
14	2668	402	1973
18	4198	540	1453
12	4235	276	3001	4236
2	894	1911	9
5	3190	3286	394
5	2368	2367	18
7	4360	4361	3476	62
3	2598	2599	2600
13	325	326	327
2	3865	4290	9
13	4186	1511	1512
13	2134	98	96
11	949	40	41
7	380	1727	2706	470
2	1259	1498	9
15	187	647	648	649
28	4139	489	490
14	1972	83	1971
8	1314	1315	601
29	1520	1521	1522
13	1720	98	96
21	1615	1173	1931
13	3770	3771	2024
13	3911	263	3912
24	59	1949	673
9	3262	1173	1168
14	524	43	523
26	902	2469	1762
1	202	203	204	205
20	187	647	189	190
5	766	767	520
2	1435	2501	9
16	1779	1780	372	99
14	460	402	4307
25	413	2027	852
10	1983	910	38
5	700	701	364
20	832	240	834	900
10	2646	2645	38
10	36	1027	38
30	1539	1044	2103
10	3309	152	38
5	705	706	106
5	1038	1037	1058
1	2813	309	353	779
2	102	1684	9
14	755	193	754
2	343	3851	9
27	1235	2256	1237
16	3568	3464	3465	1159
1	2312	2230	2310	2835
2	2171	2208	9
2	1810	4105	9
8	2738	2739	2740
7	1389	1450	1142	545
8	4011	4012	2755
5	20	547	320
10	3859	1866	38
9	85	167	148
7	2098	1739	852	1301
2	1103	3307	9
10	1504	909	38
19	2803	128	712
24	3174	333	334
5	886	156	18
2	1732	1733	9
12	194	193	192	195
5	1037	245	178
13	3765	1315	601
5	105	2395	18
2	1757	4285	9
24	1606	150	1607
11	1284	40	41
0	1846	1687	2
30	3329	3330	3331
2	2017	329	9
17	1709	1710	29
1	357	355	1622	1859
2	1015	4120	9
10	1233	1600	38
2	1126	1832	9
1	745	746	747	748
14	1232	276	1231
13	726	1731	551
11	464	40	41
1	3392	355	1799	1799
8	1148	1149	1150
6	197	1350	646
2	1319	2252	9
20	3406	340	3407	3408
22	2295	2296	1474	172
2	247	248	9
8	2796	2797	70
14	3412	313	3413
2	1126	2547	9
26	3565	3566	3009
2	3004	2107	9
1	2643	227	4413	4414
26	711	128	712
5	493	450	364
17	533	1099	759
2	478	2823	9
2	760	3358	9
6	1111	22	48
22	3399	3400	3401	172
3	444	445	446
2	1202	3808	9
11	2079	40	41
13	1928	170	172
2	1651	1652	9
18	2548	540	3221
3	2568	3200	12
12	2080	43	2081	2082
2	762	763	9
2	1461	297	9
2	1137	848	9
2	1757	1924	9
13	2644	98	96
17	1383	1384	1385
2	2351	3697	9
13	2118	174	175
8	2483	263	1264
18	496	282	3795
2	1849	1903	9
2	1628	1063	9
13	94	95	96
7	4252	4085	1658	29
2	24	2741	9
13	3105	2970	799
7	908	1261	1262	470
11	1477	40	41
5	1152	1292	368
2	154	2196	9
5	1533	104	18
2	1676	1677	9
2	1896	1041	9
2	1424	3183	9
22	4033	98	70	99
25	173	809	810
2	3819	2135	9
5	542	1411	520
8	2614	98	65
22	3181	170	171	172
2	1735	2999	9
14	621	3418	3076
10	2658	2620	38
5	1898	4446	336
25	496	498	1262
10	3224	944	560
2	2607	3918	9
21	1492	266	216
2	3696	1668	9
28	1788	489	490
5	393	1411	58
2	653	3589	9
2	668	1982	9
10	1212	660	38
30	1976	3316	3317
25	3530	3531	3532
30	711	1044	3997
13	3357	769	770
2	1401	1108	9
10	1337	1338	38
18	3365	2731	3366
5	1601	1602	18
24	88	1291	1624
16	1861	2073	2858	65
16	3277	985	986	99
26	2576	128	27
18	2167	1301	3153
25	2327	2328	2329
10	1877	132	38
7	596	597	598	29
10	595	2742	38
22	169	170	171	172
19	2803	128	426
12	913	43	912	911
19	1986	128	1642
5	1347	1348	394
6	4390	22	48
2	365	1483	9
22	3374	98	70	99
14	403	402	401
1	2766	351	3422	3423
2	727	728	9
10	1233	1728	38
5	2873	3755	890
5	492	858	116
19	2548	128	487
18	539	540	541
13	992	993	799
5	118	20	18
29	1277	1278	1279
7	525	468	526	29
1	2216	227	1335	1434
5	16	610	143
20	380	740	334	442
25	1031	1032	526
5	450	963	158
2	1103	1815	9
10	3224	558	560
2	2901	3486	9
2	1438	1439	9
9	4327	708	2972
2	680	2815	9
10	2233	2406	38
9	2052	2053	1269
2	2358	2359	9
17	510	511	121
2	1808	4386	9
1	784	309	3056	777
2	853	2228	9
2	1465	699	9
5	1037	363	520
18	1219	1301	1313
2	657	2352	9
11	3094	40	41
2	247	2546	9
2	1119	1147	9
2	1896	686	9
1	308	1536	310	311
2	1443	658	9
2	1896	2160	9
2	323	696	9
5	245	1037	1058
1	1719	746	204	1416
2	2171	3761	9
20	878	89	1624	435
17	912	60	1301
13	44	98	96
20	1184	240	334	442
2	2031	3206	9
18	3328	29	3221
5	105	2793	58
5	1702	1533	2188
1	603	309	776	310
7	1427	27	1009	29
2	723	3077	9
16	504	1978	70	99
9	212	183	1333
13	269	98	96
9	2125	1173	2126
22	2653	98	70	99
2	1461	569	9
1	2458	355	1393	1393
2	698	1138	9
0	4030	3839	2
9	2993	708	1458
21	3244	1173	2972
11	3339	40	41
20	3416	136	3991	3992
9	2936	183	268
13	1604	1605	642
23	1552	1553	1554
4	1284	54	55
19	88	1291	1624
10	78	2041	38
2	1286	3268	9
14	352	313	729
26	599	600	601
13	1193	1194	1195
5	20	118	18
13	1031	174	820
16	2522	2523	2524	172
13	2776	98	96
22	719	98	70	99
9	1550	1173	1153
13	2180	98	96
25	632	27	2419
10	805	806	38
5	424	3123	178
19	1406	128	1407
1	2438	3877	3878	3879
13	1941	1942	1943
19	1525	128	305
26	1305	1761	1762
13	196	98	96
14	2112	43	2113
6	4013	2517	52
25	345	27	346
2	159	1096	9
2	1270	2546	9
21	265	266	1499
0	0	307	2
10	2347	211	38
23	1659	170	171
2	163	3205	9
14	523	43	524
10	67	1234	38
2	1308	3486	9
5	1411	542	890
2	3657	4194	9
2	139	1439	9
2	1755	3080	9
5	1533	20	320
5	2213	2214	2215
22	2018	562	1474	172
5	2384	1415	520
2	527	3246	9
27	222	895	896
22	3014	2119	2120	820
25	3951	1747	2305
20	2307	740	1617	1753
10	461	806	38
13	1187	98	96
2	3011	2704	9
10	437	1936	38
6	199	2517	52
2	2171	2172	9
19	2095	128	712
6	1689	1690	646
2	347	348	9
5	1825	1824	2188
10	2579	1866	38
11	1079	40	41
5	705	1292	336
30	3000	3152	1453
16	623	98	70	99
8	892	263	485
2	3657	4006	9
6	1216	22	48
1	2316	1344	2317	787
21	212	708	1029
17	2868	2499	983
1	1421	252	1422	1423
5	451	1038	520
2	2056	3513	9
7	2868	2499	1009	62
6	2545	22	48
19	1139	128	289
19	1406	128	487
24	1606	1426	1607
2	927	4174	9
5	1037	450	520
10	36	660	38
26	1427	646	2728
0	1686	1687	2
5	56	57	58
6	1366	2383	48
5	2218	3700	106
5	177	706	106
6	2801	1350	646
2	2863	4281	9
7	1807	544	1142	62
2	222	223	9
10	3752	3753	233
8	2155	2156	65
12	3238	276	3237	3239
1	353	1536	3003	2813
19	187	1518	189
11	2923	2924	2925
27	3320	3321	3322
13	4122	98	96
2	1947	1948	9
30	1773	606	1950
13	4408	985	1283
14	2502	43	4069
25	4368	4369	4370
5	974	2278	614
29	1274	693	1275
2	2832	2843	9
23	2718	2719	2720
6	1148	22	201
5	2829	690	394
16	2239	272	2240	65
6	902	903	646
2	3226	3227	9
5	415	563	18
17	2413	27	62
2	161	162	9
12	824	43	823	825
17	2379	2380	121
2	1804	1501	9
10	611	16	233
6	3827	1350	646
9	1006	167	1820
2	2150	366	9
1	1447	1344	787	1392
2	1083	1501	9
18	2631	121	511
10	1055	509	38
24	214	1049	586
24	672	833	703
5	1010	1011	379
17	757	758	759
2	2150	3469	9
13	1036	98	96
1	777	309	784	776
16	1999	98	70	99
5	3228	3229	3230
12	45	43	44	42
16	3176	98	70	99
11	845	1278	2697
2	387	546	9
31	4371	27	423	281
1	202	1344	356	354
2	3294	3195	9
5	690	2829	394
1	2656	2655	3232	2654
2	159	3240	9
2	1137	3902	9
1	2231	2230	2834	2229
6	1321	1322	646
19	2574	128	1506
1	1418	746	356	1944
2	3441	1095	9
1	2181	75	3552	76
12	596	193	2508	902
5	690	1935	394
6	2551	1350	646
28	2568	489	490
2	1015	1016	9
10	722	231	38
6	2374	22	52
30	2465	1278	1279
18	3259	282	4231
22	4124	98	70	99
25	1389	27	1142
11	2128	40	41
20	1615	1049	1617	1753
6	352	1350	646
1	1859	746	1355	1421
2	179	1903	9
9	85	167	1756
7	1365	618	526	29
2	1336	891	9
5	378	377	394
17	3108	3109	470
6	3142	1690	646
5	1430	1431	320
14	2301	402	2302
18	165	540	1453
2	1015	1170	9
17	2944	391	470
7	3168	2499	1262	423
1	2585	939	2586	605
8	1692	3390	3391
19	1139	128	2346
7	390	391	392	62
1	826	827	828	829
18	3371	540	541
2	1091	3194	9
24	149	1500	151
5	2535	807	379
27	1789	3672	732
13	4134	2991	799
2	365	2355	9
5	492	362	336
13	1155	1482	551
19	486	128	487
2	1336	4402	9
18	936	540	882
9	1065	2053	1931
5	16	963	158
14	471	276	472
2	853	1491	9
2	301	3860	9
2	1461	960	9
22	4439	98	70	99
20	439	440	441	442
2	2220	3541	9
1	2176	75	2177	2178
26	4322	128	123
2	568	569	9
4	697	54	55
22	3250	98	70	99
18	220	12	221
19	1139	128	1140
19	214	1049	586
6	1549	22	48
6	4314	1350	646
6	3379	22	201
13	3157	250	920
2	2150	388	9
22	4092	98	70	99
13	1682	2991	799
2	2106	1760	9
8	1366	1329	2481
5	1583	1584	336
13	1196	98	96
7	3100	1619	526	62
10	1600	67	38
14	4307	402	460
2	2863	3359	9
13	4357	250	920
2	3304	1236	9
26	3932	128	4170
2	2878	2879	9
13	1272	98	96
2	159	3452	9
5	492	393	394
16	111	112	113	99
8	2594	1329	2595
1	1775	1776	1777	1778
2	653	654	9
5	105	104	520
6	2680	2681	646
5	547	377	520
5	1821	2541	38
13	1596	98	96
3	2026	1747	12
9	212	183	213
17	1219	1313	1301
14	2836	43	2376
2	4274	1679	9
2	1609	1905	9
1	74	75	76	77
1	350	351	352	353
2	771	2695	9
13	994	995	96
10	157	232	233
3	3836	280	3837
5	232	830	520
13	1966	98	96
27	894	2342	896
10	989	4397	38
2	2863	2864	9
2	80	2786	9
12	42	43	44	45
13	2039	98	96
19	2574	128	2575
8	3920	1122	65
2	1443	1444	9
5	1584	157	158
2	1128	4217	9
9	85	167	2193
8	3642	98	65
1	2202	351	352	778
20	3619	740	834	900
26	404	128	405
22	4260	170	171	172
22	3729	4116	4117	172
9	212	183	3414
10	2453	1856	38
13	4246	98	96
30	2869	606	607
2	1735	1937	9
6	2917	22	201
2	1202	1718	9
5	1162	2891	178
24	59	833	673
5	493	363	364
2	3225	2447	9
19	339	3182	341
31	2841	60	29	2842
2	720	3495	9
2	2011	2475	9
20	2375	240	410	411
8	484	263	485
5	2874	2875	320
4	2782	54	55
2	1609	2810	9
10	144	2648	38
16	3906	98	70	99
2	1567	1641	9
1	251	252	253	253
2	3736	1491	9
5	807	563	18
10	3196	67	38
7	194	1093	281	29
22	1552	1553	1554	1555
6	1455	1456	52
5	1037	877	520
2	1015	3064	9
10	943	558	560
13	2796	98	96
2	365	1516	9
1	1377	1378	1379	1379
5	1038	542	116
2	1831	1832	9
10	2453	2620	38
18	3135	540	487
2	1625	1108	9
10	2347	1338	38
28	4372	489	490
0	3864	2064	2
8	1938	2941	923
5	363	858	116
2	2883	2077	9
1	2183	1598	311	2684
17	2531	2532	29
25	2705	419	2706
1	1611	203	1612	1192
2	574	2977	9
13	3529	98	96
13	2560	1315	1886
19	1993	128	712
10	634	3112	38
19	672	2824	703
2	2446	2447	9
14	1917	43	1916
3	3429	123	239
23	2340	562	1474
2	4406	1491	9
2	3526	2468	9
5	134	821	890
22	1012	170	171	172
5	363	393	394
19	1993	128	1526
5	450	493	336
10	989	3373	38
23	4329	4330	4331
6	1838	22	52
23	988	2137	170
10	1503	1504	38
2	1286	2475	9
10	454	1600	38
13	2902	985	1283
8	1740	98	65
8	3505	3506	65
5	118	2793	890
11	217	40	41
2	1119	388	9
1	357	1356	2096	2097
31	3175	1739	470	61
0	1852	307	2
19	2803	128	3231
15	59	89	673	674
13	2954	2955	551
1	4323	4324	4325	4326
31	3369	633	1301	2634
1	3251	359	3252	3253
8	3876	98	65
1	353	1598	350	352
11	1507	1508	3420
19	486	128	129
19	2767	128	2768
13	4277	98	96
17	3220	27	29
11	53	40	41
13	3658	769	770
5	2016	2676	394
10	437	4373	38
5	480	481	364
1	316	75	430	421
5	1116	4353	106
13	1987	1988	172
2	1209	3749	9
22	3807	98	70	99
2	657	4382	9
5	1152	1541	368
26	3617	128	27
2	2163	2164	9
10	2440	1946	38
2	1103	2261	9
2	1567	3955	9
28	3796	489	490
10	1478	1479	38
13	3074	801	1159
5	2300	639	394
30	1613	128	1614
2	680	3164	9
24	672	3593	703
5	1037	16	520
9	1550	1173	3731
10	595	2470	38
16	4033	4034	4035	65
2	969	2971	9
20	409	340	410	411
5	1771	312	18
2	1849	1135	9
31	2571	2572	470	526
5	3518	1404	520
1	973	1356	1192	1393
17	2478	1619	1301
12	1154	276	1155	1156
26	711	128	4171
2	3881	2390	9
5	450	530	379
10	909	2519	38
2	1424	4364	9
2	3294	1320	9
10	4038	4039	233
10	67	1600	38
10	4297	4298	38
13	2374	562	172
5	104	335	18
8	2726	2727	820
5	821	134	520
4	1454	14	1250
8	1039	3939	65
6	412	22	48
19	1139	128	2907
30	20	1646	1647
13	2533	1329	2534
22	3001	3002	1474	172
24	149	150	151
10	4262	4263	4264
21	1492	266	1228
23	380	562	1474
13	2880	98	96
5	2365	2366	475
25	3533	3534	281
9	1172	1173	1931
14	1593	276	1594
26	512	128	4389
2	1137	2407	9
2	883	3183	9
1	1622	1621	357	996
2	1101	3575	9
15	135	136	137	138
6	416	22	48
10	437	3454	38
13	1879	1880	920
2	1490	3840	9
2	1119	2255	9
5	362	134	364
2	2141	3527	9
2	1107	4046	9
2	1251	1395	9
5	821	16	520
10	943	944	560
10	230	231	38
10	437	438	38
2	1128	2935	9
13	2251	550	802
5	610	450	520
24	88	1291	90
13	932	98	96
1	3247	1190	3248	3249
3	1871	1872	1873
17	1603	466	62
1	938	939	940	941
1	2684	1598	2183	2683
2	1979	2212	9
22	1589	98	70	99
1	941	1417	2458	3557
9	1065	266	1105
1	1736	309	1737	1738
1	285	2985	287	287
6	1836	645	646
5	17	362	336
5	3097	1602	364
22	3846	170	171	172
10	3859	1874	38
2	2953	4104	9
10	132	133	38
13	2807	2808	172
22	1164	174	3086	172
25	3212	3213	392
2	2351	2352	9
14	3561	313	3562
8	2115	2116	793
13	3119	2754	3120
19	1993	128	426
2	301	302	9
2	3254	3255	9
1	1777	1776	2787	1775
8	1626	98	65
10	2396	722	38
13	3971	2148	551
6	2376	22	48
6	2247	22	646
27	1235	1887	1237
10	989	3817	38
13	3144	98	96
14	1594	276	1593
10	1572	850	38
10	1152	2635	38
6	2203	2383	201
6	2281	200	201
16	1121	1122	1123	65
6	504	505	52
5	1975	2861	58
20	672	89	1574	1575
9	1179	1173	1050
31	84	2499	423	281
18	643	540	541
2	1755	1112	9
13	4317	769	770
2	301	3121	9
7	1054	4060	61	4061
13	3958	98	96
19	608	128	609
14	1953	193	1952
13	2561	1700	172
19	1139	128	1380
19	165	128	1140
27	2268	2256	1237
14	1916	43	1917
5	331	4093	364
31	3458	3459	62	3460
2	3631	3632	9
2	1103	1585	9
22	3818	98	70	99
18	1216	1217	1218
8	1445	1446	65
30	2149	846	3318
2	80	970	9
1	358	359	360	361
1	2560	4351	4352	4352
13	436	98	96
10	37	1027	38
3	3587	3852	3853
5	2488	612	364
2	1017	1018	9
2	917	306	9
2	743	2265	9
5	104	105	106
12	1176	43	1175	1177
22	3598	1046	372	99
2	1013	2309	9
28	3222	489	490
2	1128	1129	9
22	1078	98	70	99
2	1107	3013	9
2	534	859	9
8	1054	993	799
8	1412	1413	1414
17	2420	2421	423
25	1003	633	281
10	3699	4079	233
2	3865	2297	9
13	3202	550	551
2	2356	2357	9
13	3267	98	96
5	1685	1162	394
13	3676	562	172
5	1475	1476	143
2	2883	81	9
5	393	611	394
2	2734	4073	9
16	370	371	372	99
2	2209	872	9
2	1625	772	9
4	413	14	15
2	917	3742	9
1	996	997	813	998
2	1628	1629	9
5	1433	1706	336
13	1823	250	920
7	1003	633	281	29
25	1698	3868	2634
6	317	22	48
4	3177	54	55
20	439	440	90	91
2	3376	3377	9
22	3876	98	70	99
1	352	351	353	2494
2	303	4254	9
7	3816	27	392	545
13	4354	98	96
2	615	1069	9
5	2367	610	116
9	1006	2914	1437
2	2988	1024	9
8	1589	1122	65
18	298	4166	4167
20	59	440	673	674
10	1212	1213	38
8	4009	4010	327
5	4417	4418	178
13	3055	1511	1512
5	20	415	18
8	1788	98	65
5	492	821	890
1	2096	746	938	2457
8	4124	98	65
15	832	240	834	900
5	114	1430	18
5	117	20	18
10	2892	3622	38
2	717	569	9
12	2508	193	596	902
10	965	943	560
10	1572	37	38
5	610	492	178
13	3089	98	96
31	3517	1739	1301	852
5	1545	3913	18
21	499	500	1931
1	1537	385	972	867
13	219	98	96
2	328	2255	9
10	3698	3699	233
0	1854	3839	2
1	812	1621	1859	4200
6	713	714	52
5	377	378	379
7	2789	27	2500	29
17	3037	3038	1301
13	3783	3784	3785
13	4304	98	96
25	2581	742	852
1	2636	1598	2637	2333
5	16	493	336
27	894	1668	896
2	685	1684	9
24	832	833	834
29	4410	4411	3404
7	4057	468	1142	545
13	3082	98	96
2	1693	1631	9
13	3892	98	96
7	826	2418	2419	470
2	615	291	9
0	1197	1847	2
5	3875	1011	336
13	2074	434	172
2	1280	1281	9
2	2792	160	9
2	675	1903	9
5	1151	232	364
23	2018	2019	2020
2	1119	1790	9
5	1433	3286	614
2	1128	3577	9
14	1165	43	1164
23	1918	1919	1920
8	800	801	802
5	156	157	158
0	629	630	2
9	228	183	213
11	2318	40	41
9	2659	1173	2308
24	672	2824	703
5	2368	451	158
2	3526	1887	9
2	2351	3346	9
5	3576	612	18
2	1103	3963	9
16	2696	98	70	99
27	894	2227	896
17	2896	498	423
20	3174	1049	1163	3724
19	735	128	3178
13	1590	641	642
2	572	573	9
30	605	606	607
5	1368	331	394
21	2649	2650	2618
2	1251	3921	9
5	830	232	890
1	776	309	777	603
2	892	2704	9
10	909	910	38
0	2191	1847	2
26	2340	2145	2507
13	3143	98	96
6	274	22	48
5	638	639	394
2	1251	1077	9
13	3647	98	96
3	2026	2897	12
11	2100	1034	3909
6	2748	1350	646
25	1670	3153	852
2	328	2390	9
19	865	128	3904
2	1465	2077	9
2	1849	3756	9
14	3299	43	3300
10	660	850	38
28	3717	489	490
10	660	37	38
30	1813	606	1950
5	1152	880	614
1	938	746	1535	2096
13	3949	1194	1195
10	909	1548	38
2	3068	3069	9
18	496	1301	498
6	3477	22	48
1	812	385	813	814
1	316	1243	1244	1245
10	1945	1946	38
21	961	708	87
22	220	98	70	99
26	711	128	1739
1	4378	4379	4380	4381
1	1751	1598	776	603
10	1869	4098	233
25	1178	1701	852
27	3110	1974	3111
16	2678	1482	2679	1159
2	1651	761	9
5	638	1627	178
7	1070	3362	526	29
9	2936	183	3189
6	2423	22	48
26	711	128	1302
5	1767	3146	364
2	1487	1501	9
13	816	817	96
5	638	4425	394
8	756	98	99
2	323	1927	9
2	2127	1471	9
2	1094	1095	9
18	1993	540	541
21	2726	183	2065
6	2460	1350	646
5	807	443	890
2	399	4099	9
10	909	1503	38
2	534	2050	9
13	3498	250	920
7	1688	633	1009	29
1	1325	75	1326	1327
27	1570	1571	1237
5	3610	1975	143
5	2300	2197	18
20	878	240	441	442
10	36	1213	38
2	2825	2277	9
17	3416	2289	62
26	2185	128	1739
5	177	1583	520
13	3034	1046	99
7	2533	4181	61	29
5	3151	3151	106
15	672	240	673	674
2	2763	2764	9
2	2127	306	9
10	1983	1504	38
13	2021	250	920
2	2150	2151	9
23	707	170	171
20	672	240	1574	1575
1	2096	385	1393	1392
6	1047	22	52
1	832	227	3485	1334
5	395	396	394
29	4448	693	4449
10	2233	3084	38
5	705	3608	379
5	804	638	143
13	3463	3464	3465
2	2451	2934	9
6	3915	1350	646
31	3587	2499	29	281
5	105	602	520
2	2307	1629	9
2	24	960	9
23	765	170	171
24	707	1459	1460
13	921	98	96
2	1317	4145	9
1	3018	3019	3020	3021
2	179	147	9
5	563	104	368
2	2901	3546	9
0	1854	2785	2
2	2031	2172	9
7	2802	3638	61	29
5	1152	1151	143
6	1542	1350	52
21	212	183	2714
7	390	391	392	545
25	3780	742	852
22	3748	98	70	99
2	179	2450	9
1	2834	2230	2835	2231
1	812	1086	813	2553
10	1213	850	38
17	912	633	470
2	762	1678	9
6	1072	1073	506
5	1708	1707	368
18	865	540	866
2	1693	2297	9
2	4282	508	9
31	3133	3134	29	281
19	1800	128	2575
5	134	1037	1058
2	1280	1924	9
5	705	1592	394
2	1319	3039	9
6	2803	22	48
3	2026	3597	12
13	3528	1880	920
1	1959	1958	2582	1957
9	707	183	148
5	1627	104	364
5	3608	705	394
21	265	266	2745
8	2158	1329	2820
15	878	440	90	91
19	1606	4000	1607
27	3110	2256	3111
2	343	1790	9
10	37	660	38
5	3689	3688	3726
20	173	89	241	242
25	428	3512	281
2	4026	4027	9
1	2847	75	2848	2849
16	2456	1833	1834	99
5	611	858	116
2	1716	1717	9
17	1653	1654	62
6	1742	22	48
2	3340	3826	9
13	2664	2665	172
16	897	898	899	65
5	2862	3395	18
14	1231	276	1232
16	4151	4152	70	99
27	2268	2791	1237
5	393	492	379
16	3790	98	70	99
13	262	263	264
5	2861	1840	320
20	878	89	441	442
26	1427	646	3898
22	1861	98	70	99
10	1503	2083	38
6	124	2123	52
9	214	500	1458
10	1728	67	38
2	2528	535	9
16	1396	1397	1398	99
2	3657	1069	9
19	1694	128	3047
21	2837	266	1820
25	4461	60	579
6	1791	22	52
2	1401	3121	9
19	707	1459	1460
9	1172	1173	1174
16	1782	98	70	99
2	1126	4052	9
18	496	282	1727
17	2854	4138	1301
5	17	821	890
8	1789	1522	485
12	278	276	277	275
17	908	60	1301
9	85	167	1222
2	2780	3080	9
10	2892	79	38
6	3141	22	52
17	3984	3985	1301
11	39	40	41
8	3049	3324	551
10	78	3622	38
2	1473	3358	9
13	3160	3161	172
17	2556	2067	2557
21	1172	1173	2449
1	603	1598	1751	2567
5	2860	2859	58
15	173	240	241	242
10	437	3345	38
25	39	851	852
25	1670	742	852
8	3660	2293	2294
10	2396	2036	38
10	132	1877	38
19	865	128	851
13	2647	562	172
6	683	22	48
1	1447	1484	787	1535
10	492	611	233
2	154	147	9
2	482	1764	9
1	4019	1086	4020	4021
15	59	440	673	674
10	2233	3569	38
8	4156	2337	485
10	1565	1566	38
6	1697	22	48
28	4255	489	490
8	1272	98	70
5	519	662	18
5	807	20	18
2	1013	2447	9
5	2488	613	320
1	3256	3186	3257	3258
8	934	935	65
2	653	947	9
10	1503	1983	38
23	2652	562	1474
5	1627	1786	320
22	2821	98	70	99
2	399	3207	9
2	1442	1112	9
5	2676	2016	379
16	764	98	70	99
22	4426	126	70	99
8	499	550	551
13	1636	98	96
10	1233	1234	38
2	883	854	9
31	1746	1899	470	1900
3	2550	536	12
5	610	363	520
2	1625	3473	9
2	680	4421	9
5	830	1584	368
10	635	2669	38
18	2167	3559	3153
13	2249	550	551
21	499	500	2308
1	1189	1086	2439	1664
5	1601	1627	178
2	161	3308	9
17	1795	618	29
17	4195	1302	1301
6	4340	22	48
6	444	22	52
6	460	22	52
2	1317	4441	9
2	762	1585	9
2	1259	1260	9
2	1808	2257	9
10	3269	989	38
5	17	16	18
2	1906	918	9
2	1567	1568	9
8	3729	225	65
13	3747	562	172
1	2332	1598	2333	1377
21	2837	167	1820
1	1416	746	1719	1556
9	499	500	213
3	2026	2027	2028
28	2882	489	490
17	3175	27	1301
2	507	1112	9
17	2592	633	423
17	1688	2577	62
17	836	1851	29
10	461	462	38
16	795	225	1591	65
25	2066	2067	1081
21	265	266	1756
5	1765	1766	520
1	226	227	228	229
22	1562	1563	1474	172
9	85	167	1050
28	620	489	490
10	2645	2646	38
5	118	117	18
5	1011	3952	520
1	2692	351	689	3040
5	363	821	890
2	179	2297	9
2	1424	2926	9
13	2804	174	172
2	2248	3268	9
2	2127	1208	9
13	3594	250	920
2	179	3451	9
10	910	2519	38
2	3941	4165	9
2	853	1815	9
10	944	558	560
1	2984	2985	2986	2987
7	1726	1727	346	619
2	159	3411	9
1	1859	355	357	996
5	1547	156	178
9	182	183	87
1	1622	3186	1358	3187
6	1791	22	48
9	3174	1173	709
1	1859	1621	996	812
5	3616	4018	520
6	3354	22	48
14	2113	43	2112
18	1206	540	541
28	1992	489	490
2	3736	1645	9
23	3744	3085	3086
6	1109	22	48
13	3312	98	96
14	2287	3132	2286
13	561	562	172
13	1962	1963	172
1	3931	2655	2657	3932
13	1060	98	96
19	3455	128	1449
5	1541	880	890
1	644	108	1495	1496
10	1504	1865	38
5	886	157	158
1	1377	1598	2332	2651
10	1983	2519	38
5	450	858	116
3	3355	3356	446
2	337	3563	9
2	2127	1678	9
23	2638	2639	1554
8	2090	98	65
24	672	1949	673
31	2303	2304	1301	2305
6	2708	22	52
2	2031	4176	9
2	527	2677	9
8	4094	3449	65
5	118	415	18
5	424	804	18
21	1227	183	1228
13	3049	434	172
11	710	40	41
17	421	422	423
2	2037	2345	9
2	2127	155	9
2	296	297	9
2	1530	1841	9
2	2490	2491	9
6	1711	22	52
13	3480	3481	3482
2	3484	3692	9
5	1824	1433	520
13	640	641	642
2	482	1582	9
2	179	2514	9
1	2494	351	3040	350
19	735	128	2190
2	290	528	9
18	122	29	123
14	3300	43	3299
4	2412	54	55
17	2869	2870	62
5	700	2326	520
14	734	276	733
27	894	4400	896
13	3920	98	96
27	2268	2269	1237
22	2801	98	70	99
24	1179	4008	1180
10	1213	37	38
12	2034	276	2035	2033
2	1017	3468	9
19	1184	240	334
2	1251	1679	9
2	2389	2390	9
8	2118	2119	2120
13	1256	1257	172
9	707	708	709
13	453	98	96
2	2031	2501	9
10	964	965	38
22	978	98	70	99
17	2093	2094	62
1	748	746	2721	745
8	2776	98	65
12	2082	43	2080	2081
5	16	3639	379
5	1706	1433	364
22	2816	2817	2818	1555
1	2984	2985	3493	3494
5	1685	105	58
13	768	769	770
16	4044	98	70	99
2	146	2370	9
6	2989	1350	646
1	4293	4	4294	4214
1	4261	1484	1611	2578
5	1541	232	320
8	1364	641	642
14	1481	276	3831
2	154	2297	9
10	210	211	38
2	1419	1420	9
22	1603	562	1474	172
5	1577	1011	158
2	161	2695	9
8	1510	1511	1512
5	530	611	394
6	2743	22	48
6	197	198	48
4	1249	14	1250
5	117	118	18
17	1246	60	29
5	104	424	336
16	2902	2591	1470	65
13	234	235	236
2	1810	1811	9
22	2516	1046	372	99
2	574	987	9
18	3502	540	1453
2	1849	1862	9
22	2324	98	70	99
1	3961	1086	205	3962
5	3344	3343	520
26	16	2145	2701
25	2571	27	598
17	2046	2047	62
6	51	22	52
25	3443	2004	281
10	989	990	38
19	1606	150	1607
1	1189	1344	1664	868
5	563	118	18
2	1967	1968	9
22	3029	98	70	99
2	1759	1790	9
10	1055	1877	38
2	2209	1858	9
6	504	505	506
5	105	822	394
21	1065	266	1458
5	1348	1347	394
5	1767	1768	1769
12	2035	276	2034	2033
13	2757	98	96
5	2476	3998	58
1	2438	1190	2416	2439
10	3430	2300	233
2	1857	2196	9
2	2049	2050	9
8	1107	2293	2294
10	3817	989	38
2	365	4444	9
2	478	3219	9
10	1504	1983	38
13	476	250	920
22	3922	3923	1474	172
0	2191	2192	2
2	1308	1309	9
18	496	1848	123
5	16	877	18
2	2150	2806	9
2	1849	1102	9
13	3129	2991	799
8	4228	1482	551
19	735	128	2075
9	3244	1173	2308
13	3829	2991	799
2	1513	2227	9
2	927	2965	9
2	1017	3306	9
2	92	3592	9
0	1846	1295	2
20	380	740	1090	3223
9	499	266	2745
10	4375	231	38
10	3398	152	38
2	243	2173	9
22	697	2693	2694	551
22	295	98	70	99
5	821	492	178
1	2849	75	2847	2177
13	4118	250	920
2	1137	522	9
14	3274	3273	3272
2	296	569	9
5	1162	105	394
20	88	440	90	91
4	2318	54	55
5	767	4339	890
22	1373	1374	70	99
19	936	128	2346
17	2387	2632	29
19	1986	128	1380
23	3797	3798	2512
10	1503	1548	38
5	807	547	320
2	2150	1026	9
10	3859	889	38
20	135	136	137	138
19	288	128	305
2	715	1480	9
10	888	1866	38
5	1038	362	336
25	2550	2027	852
5	331	1368	394
19	1406	128	1506
1	1859	1484	1421	1355
5	492	963	158
2	257	258	9
5	547	789	178
13	3649	98	96
9	1649	1173	1650
2	1067	1068	9
11	1912	40	41
10	2892	2041	38
2	615	1858	9
5	1541	1152	368
23	2816	1553	1554
13	4309	3159	4310
18	496	282	3980
20	2489	89	1090	3223
2	2141	2142	9
8	842	843	844
2	247	1462	9
11	1376	40	41
23	3863	170	171
5	530	2676	394
20	2489	1343	1090	3223
5	16	367	368
8	1047	1048	551
9	85	167	1153
2	2358	3739	9
2	2454	2455	9
10	2625	3118	38
1	202	1417	356	2105
2	1438	1108	9
27	682	4046	977
4	2979	14	15
4	710	54	55
16	588	589	590	65
2	2150	3275	9
2	2241	3425	9
2	698	3960	9
5	2890	2891	18
5	1292	705	364
5	331	3616	58
6	1133	1134	646
16	455	1374	2015	65
17	1383	4085	62
8	1428	98	65
1	777	1536	784	776
16	2945	2073	70	99
13	4196	98	96
10	2233	2187	38
29	1670	693	1671
2	2209	3840	9
5	363	610	143
13	2844	2845	2846
27	2268	895	1237
10	1877	509	38
5	1038	393	394
6	1455	2123	52
13	271	959	96
22	518	170	171	172
11	1875	1508	3420
7	401	123	526	29
19	486	128	712
2	1759	1811	9
2	92	987	9
8	864	1544	65
15	2726	433	2761	649
2	1609	3062	9
2	2011	637	9
28	2166	489	490
18	1694	540	541
11	3659	40	41
23	2314	3403	3404
2	296	3145	9
7	3470	3471	3472	29
2	1757	1758	9
20	2659	340	2660	2661
7	2564	4315	4316	545
17	621	622	29
2	1695	3577	9
5	16	858	116
19	332	150	334
8	1543	1544	65
12	192	193	194	195
2	883	1068	9
9	265	266	2065
22	2707	98	70	99
22	186	98	70	99
0	2063	2064	2
9	265	266	2972
2	1182	4237	9
24	332	150	334
2	365	3630	9
11	1507	1508	1509
8	68	3727	65
5	547	2140	336
2	521	522	9
2	1017	859	9
2	1693	1063	9
18	2774	540	2775
5	1415	20	320
2	892	893	9
2	657	658	9
2	3103	3104	9
19	1725	128	1506
24	187	1518	189
10	910	1503	38
7	577	725	579	470
11	1743	252	2940
13	4182	98	96
10	1983	1548	38
2	1107	731	9
2	1270	3101	9
16	2953	112	113	99
2	1435	1018	9
7	2136	1619	1009	1301
10	210	1338	38
13	1223	1224	1225
2	387	3841	9
12	315	313	314	312
5	1577	1702	18
2	206	207	9
10	943	559	560
2	3351	3380	9
7	1003	633	281	619
2	760	761	9
10	1877	2742	38
6	1249	22	52
1	650	3030	3031	3032
1	2149	351	2494	2494
19	1139	128	712
13	2158	1329	2159
17	2773	1619	545
2	2780	3358	9
14	1254	43	2284
22	3725	2687	1474	172
3	3355	2304	446
7	3445	3446	3447	1022
1	1297	1298	1299	1300
2	1319	3012	9
6	3437	22	52
1	688	351	2725	2149
2	3304	4100	9
17	4057	2565	62
19	486	128	1506
2	1076	1077	9
0	0	1	2
9	499	500	2714
2	49	1516	9
5	393	363	394
10	1877	1055	38
5	104	1627	336
9	1172	1173	1228
22	2903	98	70	99
27	2446	4091	732
5	821	245	178
10	1504	1548	38
2	534	522	9
2	2825	3823	9
2	2241	3539	9
2	2988	761	9
8	749	750	65
5	1056	2178	614
5	1403	705	320
10	2658	1856	38
26	404	128	929
6	199	200	201
16	1064	4146	70	99
2	2734	1024	9
10	611	1038	233
13	682	4063	1909
19	332	1426	334
19	149	1426	151
21	3244	1173	3731
20	878	440	441	442
19	2095	128	2794
10	910	1548	38
10	2610	1946	38
13	2405	98	96
13	4328	174	820
13	2495	2496	551
1	2766	351	350	352
15	672	440	673	674
2	296	2552	9
2	2307	1112	9
7	1007	1008	1009	62
7	467	2408	1262	470
2	2436	728	9
8	2092	1482	551
5	1935	690	394
8	2880	1046	65
2	1630	147	9
22	345	170	171	172
2	3341	3342	9
1	1944	746	1418	202
13	958	959	70
10	634	635	38
2	1628	872	9
31	3587	2499	619	281
22	4004	98	70	99
13	2422	98	96
10	210	2347	38
2	904	905	9
5	16	2367	364
5	3222	4088	18
17	2387	2388	62
5	245	362	336
7	2478	4101	4102	62
2	102	553	9
17	2276	618	29
24	1179	3182	1180
21	499	266	1437
12	911	43	912	913
2	3103	4001	9
5	1411	821	58
10	660	1027	38
2	927	1927	9
8	1282	985	1283
22	3744	174	3086	172
8	1020	2772	601
28	2732	489	490
1	1895	1417	1255	3188
5	2367	16	320
2	399	3121	9
2	2241	4245	9
2	296	671	9
24	149	2536	151
6	4042	22	52
2	146	3131	9
22	4087	98	70	99
1	202	746	1944	1355
1	1393	355	2458	1392
2	482	535	9
4	3117	14	15
5	363	1037	1058
2	2780	2781	9
2	296	3435	9
13	503	98	96
8	271	272	70
2	1609	1610	9
22	3499	3500	175	820
1	354	355	356	357
12	3154	276	3155	3156
1	2229	2230	2231	2232
4	1376	54	55
22	3862	1046	372	99
2	3340	2173	9
14	284	43	283
2	2334	1904	9
2	2150	2497	9
22	494	98	70	99
1	1211	355	1664	971
10	2646	3431	38
4	1033	54	55
6	1703	22	48
21	1006	167	1650
13	2686	2687	172
2	1644	1102	9
6	2243	22	48
7	4232	391	4233	62
21	3832	2650	2618
19	1339	240	1180
13	2765	2434	926
19	288	128	2768
28	1812	489	490
20	332	433	334	442
27	894	2749	896
5	830	1576	18
7	2136	618	1009	545
24	3174	333	1163
4	13	14	15
2	243	4440	9
9	1492	266	501
17	2531	1851	593
2	2017	324	9
24	439	1381	441
2	1490	1069	9
13	3438	250	920
5	1160	2178	320
28	3968	489	490
5	2399	1869	1058
12	3127	193	3128	1070
12	44	43	45	42
5	141	142	143
1	4199	1621	4200	4201
2	1442	1108	9
16	1323	98	70	99
10	611	450	233
22	1214	985	986	99
26	3548	282	3549
2	1693	658	9
24	380	456	334
10	1055	133	38
19	339	333	1163
10	1504	1741	38
2	2899	4240	9
13	2916	255	236
10	454	1234	38
30	2098	693	2099
13	3099	98	99
7	1427	618	1009	62
29	555	556	1304
9	3640	1173	1228
8	325	326	3317
5	974	104	143
2	292	1077	9
13	2946	2991	799
14	273	193	274
1	826	1958	2069	2070
8	3158	3159	642
2	527	2823	9
23	2136	2137	171
10	37	1213	38
1	4112	309	4113	3003
1	2069	1958	2642	826
10	595	133	38
2	2209	1582	9
27	730	2277	732
0	1197	2888	2
10	910	909	38
19	149	2536	151
4	3027	54	55
2	883	3358	9
0	1686	2182	2
5	1584	1583	364
2	1409	1005	9
22	3285	985	986	99
5	1056	4064	614
20	672	240	673	674
2	1280	3162	9
5	1702	1577	18
1	2415	1344	2416	1664
20	1184	89	334	442
9	1606	183	1620
18	1800	540	1453
22	2330	98	70	99
2	2143	1876	9
18	1618	29	1619
1	868	1344	1189	972
5	1411	1940	336
25	1550	809	810
5	363	963	158
2	3333	1760	9
5	821	363	520
10	79	2570	38
10	1877	2470	38
17	2045	1619	29
5	705	177	18
4	2100	54	55
2	2127	2856	9
23	2993	2994	2995
10	1983	1503	38
2	1103	1104	9
10	1855	2620	38
2	1530	658	9
2	1083	3994	9
13	2385	98	65
5	16	362	336
2	771	772	9
29	3572	693	3573
22	2114	98	70	99
8	4107	98	65
2	717	718	9
2	2937	4172	9
3	2199	2200	2201
2	675	4365	9
5	362	363	364
9	212	183	1931
2	2485	2486	9
2	507	4459	9
5	450	1037	1058
17	122	123	62
2	1017	2255	9
12	2711	276	2712	2713
9	3244	1173	1437
6	3945	1456	52
5	1913	1914	58
23	3711	170	171
9	1028	4409	2449
13	2110	2111	99
5	1821	2584	38
5	610	16	520
13	3981	993	799
24	332	1426	334
16	2213	2319	2320	172
1	1612	203	972	1611
25	2905	2906	526
5	2322	2323	520
24	672	833	673
2	343	344	9
18	881	540	882
6	1523	1524	52
13	897	2895	1159
8	2385	98	65
7	1070	1071	526	423
2	24	25	9
2	695	1832	9
5	1627	804	18
10	830	3093	233
8	791	792	793
8	219	98	65
2	80	4207	9
5	1433	1432	18
4	1477	54	55
2	1101	1102	9
2	2220	2221	9
2	1182	1171	9
5	16	393	394
4	4076	14	15
13	2724	798	799
14	738	193	739
22	3673	2612	1474	172
7	591	592	593	62
13	2386	1482	551
2	1630	2297	9
6	1774	22	52
18	566	540	1453
2	1473	1024	9
2	1530	1531	9
22	1826	98	70	99
10	1226	3622	38
2	568	1483	9
17	3106	1619	545
2	1076	3199	9
5	1627	2862	1769
2	1091	1276	9
2	1921	81	9
5	1314	1901	1902
2	657	1444	9
2	478	4002	9
17	1773	3776	62
13	229	250	920
16	2647	4306	3086	172
22	3988	3989	3990	172
5	1786	2793	394
10	888	1874	38
1	1327	75	1325	1792
2	1716	3648	9
30	999	3487	3488
2	720	721	9
2	1119	1171	9
30	3175	693	3802
20	672	1343	673	674
10	4442	4443	38
16	3722	98	70	99
13	4346	550	551
5	821	450	520
23	4407	2994	2995
5	492	493	336
10	144	3233	38
5	2676	530	379
13	2696	98	96
6	4157	1350	646
2	534	907	9
2	303	2255	9
5	2973	2366	18
19	2574	128	2768
2	3136	3137	9
12	1365	193	1364	1363
7	1730	27	1009	29
13	4149	819	820
25	4205	4206	526
17	1813	3193	62
5	1415	4129	320
13	3582	98	96
14	1441	276	412
8	3139	98	65
6	3116	198	52
16	4132	98	70	99
16	3978	2591	3284	99
8	2603	2604	2605
2	717	838	9
28	797	489	490
1	1375	359	361	4430
5	781	782	106
5	1037	1038	520
10	909	1504	38
2	2409	848	9
4	413	54	55
8	1682	2507	923
2	2937	2938	9
22	1845	3161	171	172
17	2896	60	540
25	4141	2906	3265
10	965	559	560
22	2847	170	171	172
10	2186	1728	38
20	1339	240	648	649
9	265	266	2393
5	1415	424	336
17	2198	544	470
28	2912	489	490
0	1197	811	2
19	1724	128	3511
20	1339	89	648	649
29	650	651	3606
1	2629	260	2630	261
2	1091	1092	9
25	1079	1080	1081
9	1268	183	1050
15	332	433	334	442
13	3191	98	99
4	1912	54	55
8	4147	4148	99
22	3814	98	70	99
23	2609	2137	170
6	2322	22	48
1	2805	746	972	867
25	3348	1747	61
1	3583	359	3584	3585
30	1813	606	4066
5	789	2059	1058
2	159	306	9
5	492	530	379
16	2121	225	372	99
2	139	528	9
9	3849	1173	2126
2	1896	1051	9
5	2016	16	394
10	157	1754	233
5	177	519	520
26	3554	128	4084
13	463	98	96
14	100	43	101
13	2753	2754	2755
5	611	542	116
13	3360	985	1283
27	682	2258	977
2	3883	3884	9
2	574	1440	9
5	563	415	18
1	2683	1598	2684	311
28	1241	489	490
17	1773	27	545
2	399	1927	9
9	2911	1173	2065
22	617	3138	1920	172
3	2167	536	2168
26	2012	128	2606
1	259	260	261	261
19	1339	1949	1180
5	1433	705	614
6	1692	22	52
2	2226	2227	9
1	1355	1356	1357	1358
13	4278	995	99
13	919	2667	920
13	1312	98	96
10	78	2893	38
21	1006	167	213
17	1166	2906	29
25	3652	809	810
22	580	98	70	99
5	1935	3522	2188
26	512	128	1372
26	512	128	2542
2	2143	2144	9
2	2273	3707	9
2	760	1112	9
1	285	2985	4284	287
13	1186	550	551
1	4380	4379	4420	4378
11	1743	252	3165
6	1360	3947	646
22	4376	4377	3086	172
4	3659	54	55
2	290	3840	9
14	1682	193	1683
5	2861	2395	18
1	352	351	353	2202
23	2773	2296	1474
26	711	128	2402
10	595	1055	38
22	984	985	986	99
22	1039	985	986	99
2	1906	2444	9
1	971	385	1211	1537
22	3128	3180	171	172
1	3899	3877	3877	3900
10	4452	4453	38
2	1490	147	9
22	2371	1046	372	99
13	3972	98	96
23	2804	3661	170
30	1613	2145	2424
2	1251	1252	9
16	2422	98	70	99
2	1967	3489	9
2	723	3577	9
5	830	157	158
5	612	2179	106
1	867	355	868	869
2	1419	3319	9
23	2927	2928	1474
14	972	313	2518
22	1951	98	70	99
1	3290	3291	3292	3293
5	232	706	394
2	2389	1684	9
2	3667	3668	9
19	1184	833	334
16	3612	2591	1470	65
13	3999	98	96
5	451	450	520
10	153	152	38
7	2117	903	1142	62
7	906	27	526	62
6	1455	1134	52
2	1530	2677	9
2	1280	2001	9
10	1213	1027	38
2	668	3563	9
16	1956	98	70	99
22	3820	3821	3822	172
17	3523	3524	470
8	94	1833	1834
5	530	1038	394
5	118	563	18
2	161	1118	9
17	418	419	420
22	4036	98	70	99
5	2403	1898	2188
5	1411	1342	520
2	1435	1586	9
2	564	2627	9
1	867	1621	868	2317
26	1303	3683	3445
1	261	260	2629	259
5	3179	3146	18
22	1200	98	70	99
6	3914	1350	646
25	2582	1261	3323
8	1310	1311	1159
5	2859	3998	890
10	231	2036	38
28	2313	489	490
8	1720	2073	65
26	1305	1306	1307
5	1038	821	143
30	2982	2983	2679
2	2106	1236	9
2	478	803	9
30	2631	2884	2885
5	1766	1765	106
20	173	240	241	242
17	3234	27	62
17	467	468	1301
5	822	547	18
2	1182	366	9
6	1219	22	48
8	702	937	65
3	444	742	3737
13	2068	562	172
10	2396	230	38
2	969	970	9
13	2279	98	96
17	1246	60	545
13	4023	3350	99
10	595	2325	38
20	59	240	673	674
2	552	553	9
23	2295	3893	1341
2	290	796	9
5	1011	1010	2404
17	1653	1099	759
20	1065	240	137	138
8	195	255	256
8	2954	2955	551
8	254	255	256
10	157	3738	233
2	4135	4053	9
5	611	610	143
11	2464	40	41
8	919	250	920
17	765	618	62
2	3261	1320	9
1	429	75	1558	428
8	921	98	65
5	177	662	178
8	2441	2442	2443
6	2122	1456	52
2	1808	1809	9
17	897	3810	3811
19	1724	128	1642
2	1967	373	9
1	1393	355	869	2458
8	4239	98	70
10	2487	2620	38
1	428	75	429	430
5	2589	1433	1769
13	2949	2950	2951
8	1241	1242	844
5	710	3553	143
24	2471	1459	2472
2	695	2881	9
2	92	93	9
10	1226	79	38
13	754	1482	551
5	821	877	520
2	653	3669	9
13	3176	98	96
17	672	514	62
12	3001	276	4235	4236
17	3281	3282	121
8	2371	1046	65
8	2872	1046	65
2	723	4025	9
19	1724	128	4455
2	387	297	9
6	3461	1350	646
5	705	157	1215
10	944	559	560
1	357	1621	1622	1622
19	1139	128	1801
27	2446	976	732
2	3169	2764	9
5	2368	610	116
2	1609	716	9
12	449	276	448	447
5	4024	3163	520
2	871	4272	9
5	530	363	394
1	2805	1356	2956	867
1	1664	355	1662	1211
1	779	1536	2813	778
5	20	19	18
5	1160	4064	320
22	588	98	70	99
5	1411	1037	2188
22	1882	1883	1884	65
9	85	167	1229
13	3066	98	96
2	1074	3427	9
1	229	227	226	1199
27	730	731	732
10	1055	2325	38
10	1038	611	233
22	3298	98	70	99
26	512	128	3959
14	1164	43	1165
17	2420	3769	29
5	610	611	520
8	3507	98	99
6	1837	22	201
2	365	2151	9
19	1800	128	2794
2	762	3885	9
2	2409	2352	9
19	832	1989	834
8	2670	1046	65
5	547	1230	394
1	1355	746	202	1859
6	3067	22	52
5	363	493	336
2	3103	3835	9
2	1401	1077	9
2	130	794	9
10	132	2470	38
2	853	854	9
9	265	266	1105
8	1200	959	65
5	134	16	18
26	1305	282	1926
2	717	918	9
5	2059	612	320
2	1101	3527	9
20	59	89	673	674
2	1465	2904	9
19	2315	128	712
2	92	2381	9
2	1202	3077	9
5	2140	547	364
13	3296	98	96
5	378	547	322
2	1849	3063	9
5	377	3015	178
17	1216	1218	540
2	1513	3063	9
2	343	2497	9
28	2068	489	490
7	59	60	61	62
2	1083	4014	9
25	2205	2206	2207
1	4080	4081	4082	4083
23	3591	170	171
25	583	1739	852
2	4274	4275	9
5	705	2674	2188
2	1979	306	9
1	353	351	350	352
2	301	1236	9
7	3314	1619	61	29
17	2631	511	121
12	3239	276	3238	3237
6	1455	1350	646
22	4436	3464	4437	551
7	3936	4054	61	62
13	1608	98	96
2	2344	3743	9
5	493	1038	364
15	878	240	90	91
2	1076	1948	9
5	177	705	18
2	3751	3435	9
5	1038	610	143
5	610	1940	379
1	868	1621	867	867
13	587	98	96
12	2081	43	2080	2082
18	4302	540	4303
1	1556	385	2931	2932
5	363	530	379
29	692	693	694
2	2220	4131	9
2	3544	3842	9
2	343	1171	9
12	2713	276	2712	2711
8	966	967	65
8	1673	1674	1675
8	2760	550	1159
5	1037	17	520
5	1584	830	368
9	265	266	1050
19	214	585	586
2	720	1271	9
0	1846	1847	2
2	154	373	9
2	2127	2823	9
5	880	1152	1769
2	2259	2260	9
19	707	2174	1460
2	399	324	9
8	63	64	65
11	1587	40	41
5	563	807	18
30	822	1646	1647
28	4045	489	490
2	2044	329	9
28	3735	489	490
2	482	2001	9
2	1849	3173	9
10	3025	4462	38
2	387	1483	9
8	1797	1798	65
13	4050	1674	1675
2	1017	1041	9
7	3995	3996	837	29
2	680	681	9
16	2750	2751	1341	172
2	343	870	9
5	3688	3689	3690
0	2191	2064	2
8	2336	2337	485
16	3965	3966	70	99
2	3881	2255	9
24	832	1258	834
28	3564	489	490
16	494	126	1954	65
24	1606	333	1607
25	2288	2289	1142
2	2763	3579	9
21	2936	183	2437
5	1627	638	143
18	496	282	1619
10	1429	830	233
2	1443	763	9
5	1976	1975	322
1	1736	1536	1737	1738
2	2011	2514	9
14	82	83	84
22	885	98	70	99
7	2498	2499	2500	29
2	478	1816	9
6	531	2517	52
1	2224	385	2222	4244
8	2330	2331	65
13	4279	4280	327
11	4367	1278	2697
2	2141	2781	9
12	3076	276	621	2649
26	711	128	3490
28	773	489	490
2	478	2894	9
5	830	1433	364
15	59	240	673	674
14	908	83	2865
8	436	1672	65
9	1006	2914	1269
16	1590	225	1591	65
7	617	618	281	619
1	350	351	2494	2867
15	187	188	189	190
20	3779	740	241	242
30	4103	1646	1647
22	3764	98	70	99
5	19	563	18
2	3976	3977	9
2	399	400	9
5	16	1342	364
20	1573	340	1574	1575
17	3222	2569	1301
5	2187	4018	364
4	217	54	55
2	2607	2038	9
2	927	928	9
2	1083	1084	9
4	349	54	55
1	1960	1958	1957	4208
13	2866	250	920
10	152	153	38
18	486	540	487
13	2433	2434	926
30	4031	2983	793
2	871	872	9
27	894	895	896
2	1716	1497	9
6	3924	22	48
2	130	131	9
5	450	542	116
2	1124	3102	9
5	4093	331	320
18	496	423	498
4	53	54	55
2	1442	1862	9
2	159	160	9
1	3249	1190	3247	3247
5	611	963	158
2	2528	1104	9
8	1060	98	65
13	756	98	96
16	3300	3789	70	99
10	450	611	233
2	2171	3057	9
13	3615	2991	799
2	1107	1138	9
2	727	81	9
14	774	276	775
28	488	489	490
2	1004	1781	9
2	2056	2057	9
7	3653	3654	837	62
27	682	976	977
5	1627	3595	663
5	1292	1152	368
2	1849	81	9
2	760	1063	9
2	3167	1501	9
2	2461	2462	9
5	690	691	322
2	3304	3305	9
2	163	1679	9
23	751	752	753
10	2816	3242	233
5	690	3596	364
25	4142	4143	281
13	4333	2130	4334
11	2702	1278	2703
20	1752	240	1617	1753
14	775	276	774
2	730	3059	9
2	301	1655	9
27	1351	1352	1353
20	672	440	673	674
22	2769	2770	2771	96
22	684	98	70	99
24	2957	2958	2959
1	1393	1621	2458	2458
10	2554	660	38
10	909	2083	38
2	1004	2290	9
2	3544	1832	9
15	409	340	410	411
17	3174	3147	420
2	1714	1715	9
1	1662	203	1663	1664
22	1561	98	70	99
7	1618	1619	1009	29
10	2625	2626	38
0	664	665	2
17	122	123	545
6	1216	2517	48
2	695	696	9
5	141	4270	890
20	187	188	648	649
2	917	1104	9
11	1082	40	41
1	2222	385	2223	2224
5	1702	117	890
2	2709	2462	9
5	157	177	178
22	1359	98	70	99
5	1292	880	106
20	187	647	648	649
13	2624	1482	1159
2	365	1718	9
5	547	20	364
25	2979	742	852
2	1280	1551	9
2	2409	637	9
1	1255	1417	1416	1895
6	3000	22	52
8	666	667	65
13	2022	2023	2024
7	1850	1851	1009	470
5	3190	2589	394
11	1875	1508	1509
2	387	594	9
5	443	19	178
9	212	183	1458
9	265	266	1931
0	1197	1198	2
17	981	982	983
2	4220	1497	9
2	2409	1968	9
13	2966	2434	926
27	4431	4432	977
19	2548	128	2549
13	2124	562	172
18	930	931	221
2	2788	3772	9
10	4047	4048	38
1	2777	1243	2778	2779
5	319	318	320
2	2307	2514	9
9	339	1173	3033
10	231	230	38
7	2003	2004	2005	1385
5	1151	1152	520
1	2640	1958	2641	2642
1	972	203	1537	1612
2	1401	2547	9
1	1743	746	2758	2759
12	823	43	824	825
4	3071	54	55
2	365	546	9
5	20	104	368
6	1838	22	48
2	2899	2900	9
13	3609	98	96
4	1814	54	55
12	515	43	516	517
13	924	925	926
19	735	128	736
13	818	819	820
6	2423	22	201
1	228	227	2194	226
5	2179	612	520
1	107	108	109	110
2	2011	1582	9
5	880	1292	178
17	2253	2254	29
5	20	117	18
2	1827	155	9
1	204	746	1421	1719
12	2033	276	2034	2035
2	1331	1332	9
10	1226	2041	38
2	552	3270	9
13	4067	4068	920
23	2235	2236	2237
6	901	22	52
8	2644	1046	65
18	496	282	2583
16	3378	98	70	99
2	685	553	9
2	717	553	9
26	2340	2145	2341
17	3289	3282	121
2	883	3104	9
28	934	489	490
2	159	1471	9
25	2905	27	2419
17	532	1680	1681
2	1017	4392	9
13	3611	98	96
19	1406	128	289
22	3740	98	70	99
22	3944	98	70	99
19	1800	128	866
13	1020	1315	601
2	675	535	9
14	401	402	403
10	2579	1874	38
9	85	167	35
1	971	355	1211	973
17	1166	1167	62
2	1076	248	9
10	1464	1463	38
1	2310	2230	2311	2312
2	1331	329	9
13	4158	1482	3391
13	1238	1239	65
5	2399	3762	18
19	288	128	712
2	2150	1497	9
5	767	766	143
2	4109	140	9
22	1428	98	70	99
2	1259	1748	9
14	2376	43	2836
5	1430	114	18
25	3678	3872	427
25	808	809	810
6	1216	22	52
2	1270	1985	9
21	1028	500	1066
2	1126	1998	9
10	635	3112	38
1	2642	1958	2640	2069
12	2649	276	621	3076
2	1490	1491	9
23	3439	170	171
6	2545	22	52
1	361	359	358	1375
5	612	3576	18
1	1558	1243	1559	1560
2	323	2468	9
2	3881	4203	9
6	2680	3216	48
10	454	1728	38
26	16	2145	2146
13	2138	2139	551
6	1366	2383	52
1	2984	3535	3493	3494
15	672	89	673	674
2	2461	970	9
22	2170	98	70	99
8	3143	4362	65
22	2280	98	70	99
26	1370	128	1371
10	2186	1600	38
14	495	193	494
13	2285	98	96
5	415	20	18
5	1935	691	322
14	412	276	1441
2	1804	3607	9
24	1184	833	1163
2	1513	4163	9
20	4150	433	434	435
2	2351	3775	9
18	504	4070	4071
0	2967	2968	2
15	149	433	151	957
17	1220	1221	619
1	532	75	421	533
1	4024	3895	3896	3896
7	467	468	469	470
13	3905	98	96
6	3685	1350	646
23	2851	2137	171
5	19	443	890
2	3865	3866	9
2	1473	848	9
30	845	846	847
17	2263	514	1301
22	2614	98	70	99
9	85	167	168
5	2483	2484	116
1	787	1344	2316	1447
10	66	67	38
5	974	975	336
4	3081	14	15
16	2952	1122	372	99
2	1630	1531	9
5	1292	1293	18
2	917	3509	9
2	328	329	9
5	963	492	663
5	1702	104	143
16	719	98	70	99
25	3432	4374	281
5	1056	1057	1058
5	16	542	116
9	2795	2053	1174
10	67	1728	38
22	3869	98	70	99
18	4013	1217	2897
13	4415	98	96
8	30	31	32
5	519	1429	320
2	1202	1203	9
13	2313	2933	172
15	2307	740	1617	1753
2	1182	1183	9
2	2918	2919	9
2	1119	1120	9
6	4358	1350	646
10	4399	3699	233
12	1177	43	1176	1175
2	904	3621	9
1	868	1086	867	2682
12	3155	276	3154	3156
2	3261	293	9
2	1490	3833	9
2	4242	724	9
2	3574	3575	9
13	3956	1329	2595
2	3916	3917	9
22	2789	2790	1474	172
5	2399	2085	18
14	1683	193	1682
13	1779	98	96
9	1268	183	1269
2	2780	3840	9
10	2025	1946	38
2	1207	3579	9
1	3	4	5	6
8	1238	98	65
13	2238	98	96
2	139	140	9
13	3620	250	920
2	1695	1696	9
13	1938	1939	799
13	1510	250	920
20	88	89	1624	435
28	3096	489	490
2	1015	4416	9
4	2691	54	55
2	3881	1483	9
2	2358	2135	9
2	130	686	9
8	3287	3288	65
13	3827	550	1159
10	1503	1865	38
18	608	540	129
24	832	1989	834
1	1537	355	973	867
24	149	333	151
2	4238	1887	9
17	543	544	545
17	902	903	423
10	397	398	38
24	832	3593	834
14	3278	276	3279
5	1162	547	18
2	3819	1669	9
5	2947	2948	178
0	1197	2182	2
14	3601	43	3602
14	754	193	755
10	1405	3730	233
16	2157	98	70	99
26	3617	128	4308
31	4403	4404	62	392
2	574	575	9
2	675	3307	9
23	2558	170	171
23	1596	1833	4022
6	791	22	201
8	1328	1329	1330
10	965	944	560
1	996	1621	1622	1859
17	2046	3211	545
6	1523	1456	52
10	595	509	38
22	4276	98	70	99
2	527	1652	9
5	2165	331	58
22	2638	1553	1554	2828
18	1724	540	487
25	3474	3475	3476
2	290	1903	9
27	1789	895	732
10	989	3060	38
2	1735	1102	9
16	97	98	70	99
0	1854	307	2
2	2780	373	9
2	482	483	9
2	3993	838	9
5	1038	963	158
15	173	89	241	242
5	473	474	475
10	3025	4016	38
2	1651	3527	9
13	3114	2970	799
2	1804	1805	9
10	437	2350	38
5	451	363	520
5	493	16	364
9	1065	266	1066
10	2440	1566	38
0	1793	630	1794
1	3894	3895	3896	4024
19	735	128	1801
15	1065	240	137	138
5	1292	157	336
10	1226	2893	38
2	1091	1691	9
2	1137	160	9
13	3745	170	172
2	3016	3655	9
10	888	889	38
18	632	619	3750
22	2826	2827	2818	2828
2	1126	3121	9
17	3627	511	121
2	1695	3547	9
5	117	563	18
9	2659	1173	2132
30	2803	3152	1801
5	1056	2411	890
8	4077	1149	923
1	1743	1529	3628	3629
10	805	462	38
5	1468	4209	3230
27	2737	2342	896
1	868	355	867	867
1	1560	75	2178	1558
17	2989	2990	423
9	1179	1173	1153
1	357	355	354	1622
10	965	558	560
2	1013	1014	9
12	275	276	277	278
2	853	535	9
28	3733	489	490
13	1064	98	96
19	1828	128	2768
24	187	1518	648
18	1955	540	1801
12	825	43	823	824
2	1435	4332	9
2	3703	3704	9
1	110	108	107	107
6	1349	1350	646
16	1922	1315	1923	65
29	2183	846	2184
1	1421	746	1859	204
5	19	20	18
2	92	140	9
2	2515	2381	9
5	1749	2395	18
22	3372	98	70	99
25	2802	445	61
4	39	54	55
8	4319	4320	3943
1	2317	1344	972	2316
23	2498	2511	2512
5	886	3315	320
2	1513	1112	9
8	3941	3942	3943
12	3237	276	3238	3239
2	1735	3411	9
12	517	43	515	516
15	214	1049	586	957
2	2171	2032	9
13	3643	98	96
2	1465	1466	9
7	4106	633	526	29
19	486	128	1407
1	1743	1484	3636	3637
14	1977	3857	3858
5	16	2016	379
1	1335	227	1334	2216
9	85	167	1188
1	787	786	2316	785
9	707	183	2308
22	1045	1046	372	99
6	2382	2383	646
7	2587	633	1009	29
5	3633	3146	18
2	564	565	9
14	2284	43	1254
15	439	440	90	91
3	444	536	446
5	1824	3083	520
5	2862	2861	116
1	1189	1190	1191	1192
13	191	98	70
28	63	489	490
3	1688	60	12
30	2666	2201	3266
21	265	266	2799
2	154	848	9
5	2829	1935	394
13	2054	2055	601
8	2946	2496	1159
2	875	2189	9
7	2913	27	2618	29
10	558	559	560
5	612	2488	320
22	4391	98	70	99
19	1986	128	3446
31	3369	3370	470	2634
17	4177	4178	4179
2	685	50	9
6	2175	200	201
2	3184	3185	9
2	1967	2370	9
2	303	50	9
13	2493	98	96
23	182	170	171
5	879	880	320
25	122	27	3919
22	2051	995	70	99
17	1973	27	1301
28	1888	489	490
13	670	98	96
27	24	1390	1237
6	199	1456	52
8	4086	1780	65
2	1932	1585	9
6	1072	505	52
4	949	54	55
10	943	4051	38
2	1906	1832	9
19	1694	128	4119
8	3529	98	65
5	611	530	379
1	2482	1621	1664	1664
13	3964	562	172
22	2992	98	70	99
2	1513	1395	9
2	2528	160	9
9	3442	1173	2437
14	84	83	82
13	3768	3159	642
10	144	4291	38
5	2367	1411	143
19	1986	128	1801
2	179	483	9
23	3466	3467	1279
22	2082	98	70	99
2	478	348	9
5	2476	2477	520
13	1366	1329	3424
3	2568	1747	12
6	197	198	201
