523	0	28	30
22	1
52	2
1234	3	4
67	3	4
38	5
3746	3	6
2591	7	22
3788	8
615	9
1903	10
9	11
1892	6
1893	7
1894	12
172	8
1033	13	32
1034	14
1035	15
878	16	28
240	17
90	18
91	19
3799	0	13
2615	13	25
606	14
607	20
552	9
2355	10
1103	9
2196	10
177	3	21
1292	3	21
336	5
797	3	6
798	7
799	8
610	3	21
1038	3	4	21
520	5
2568	3	13
2569	14	26	29
2201	14	20
1877	3	4
133	4
1182	9
2877	10
3075	9
2362	10
1870	3	6
98	7	22
70	8	12
99	8
909	3	4
1741	4
437	3
4059	4
3087	13
1044	2	14
3854	20
104	3	21
20	3	13	21
368	5
2106	9
2107	10
3210	3	21
1433	3	21
2432	6	25
1482	7	22
551	8
2876	3
1833	22
3508	16
1173	17
2126	19
2515	9
4169	10
3338	3	21
1494	3	21
178	5
228	13	16	23
183	17
962	19
1857	9
1069	10
2283	6
2756	3
667	22
65	8
3262	16
2132	19
3801	13
4433	14
4434	23
4435	24
1270	9
1480	10
1207	9
1208	10
933	3	6
3727	22
3986	12
999	9	13
1000	10
3903	9
103	10
3933	6
547	3	21
1162	3	21
18	5
1587	13	25	32
1588	26
1009	27
2097	13	24
1356	14
357	13	23	24
1418	13	23	24
945	9
4046	10
611	3	4	21
393	3	21
394	5
3946	0
3947	1
646	2	17
2702	13
3124	14
2720	12	20
1154	28	30
128	14	17
3017	29
447	28	30
276	17
448	28	30
449	28	30
3419	3	6
835	6
1055	3	4
132	3	4
853	9
2887	10
1918	3	6
3138	7
1920	12
493	3	21
595	3	4
515	6	28	30
3085	7	22
3086	12
492	3	4	21
143	5
455	3	6
2056	9
1790	10
3691	6
4288	6
96	8
867	13	23	24
746	14
2805	13	23
869	13	23	24
499	3	16	28
500	17
501	19
1028	3	16	28
266	17
1029	19
1074	9
1287	10
339	16	28
340	17
341	18
342	19
1097	3
489	19
490	2
2129	3
2130	7	22
2131	8
1651	9
373	10
1597	13
1598	14
311	13	23	24
1599	24
3588	3	9
4299	10
1443	9
4349	10
3235	9
3310	10
757	25
4191	26
423	31
3323	27
1670	13	25
2906	18	26
852	27
2090	3	6
371	22
899	12
733	28	30
734	28	30
3218	9
2001	10
664	32
811	19
2	33
261	13	23	24	25
1878	26
427	27
3448	25
540	31
866	18	26
1719	13	23	24
939	14
1969	23
1970	24
243	9
244	10
1056	3
1161	21
614	5
4225	10
2839	0
48	2
1112	10
2446	9
140	10
732	34
3432	25
3433	26
526	27
2224	13	24
1344	14
4127	23
4244	24
779	13	23	24
309	14
2813	13	23	24
778	13	23	24
2504	6
2505	7
250	7	12	20	22
2024	8
4212	9
4213	10
1006	16	28
2914	17
3033	19
283	28	30
43	17
284	28	30
3174	16	25
1616	17
1163	18
2814	6
1695	9
2144	10
1121	3	6
2296	7	22
1474	12
917	9
3489	10
2937	9
4215	10
2538	28
2539	30
4450	28
4451	30
88	16	28
1381	17
441	18
2671	3
2672	22
2673	8
144	3
3812	4
89	17
1363	28	30
193	17
1364	3	28	30
1365	25	28	30
2451	9
2452	10
2307	9	16	28
381	17
648	18
649	19
1174	19
2832	9
2833	10
3117	25	32
3366	26
1126	9
2270	10
1119	9
2104	10
2566	3	25
3545	26
3402	9
2527	10
658	10
2417	10
2025	3
1566	4
1082	13	32
54	19
55	35
265	16	28
1229	19
2314	3	25	28
3815	17
428	13	24	25	29
2647	3	6	16
1499	19
1017	9
1171	10
157	3	21
1584	3	21
663	5
807	3	21
2535	3	21
303	9
1669	10
1889	3
2043	25
60	14	26
29	31
1626	3	6
1570	9
522	10
1237	34
439	16	28
1291	17
1624	18
1401	9
1402	10
653	9
1493	10
2186	3
1076	9
3101	10
267	19
354	13	23	24
1666	13	23	24
1859	13	23	24
880	3	21
1541	3	21
1979	9
910	3	4
1865	4
2368	3	21
16	3	4	21	28
320	5
163	9
384	10
2466	9
2467	10
2234	3
1122	22
372	8	12
3259	25
1217	31
3260	26
1896	9
3662	10
146	9
737	10
399	9
2150	9
3048	0	13	25
3152	14
3153	20	26
1730	25
61	27
62	31
786	14
3786	23
3787	24
1415	3	21
364	5
4003	3
2714	19
3867	25
445	14	26
832	13	16	23	28
440	17
834	18
900	19
2410	4
233	5
3239	3	28	30
2148	7	22
854	10
2635	3	4	21
301	9
3198	9
2342	10
3053	6
3054	7
1264	8
4342	6
3736	9
795	3	6
1821	3
4344	21
2540	25
4249	26
4250	27
1525	25	28
1526	18
80	9
3501	25
725	26
2431	3
1625	9
1904	10
2872	3	6
920	8	29
1691	10
3507	3	6
417	32
14	19
15	35
478	9
4187	10
1976	3	13	21
322	5
19	3	21
2384	3	21
890	5
1247	3	25
225	22
785	13	24
787	13	23	24
788	24
1160	3
1152	3	4	21
1405	3	21
690	3	21
1157	6
1158	7
1159	8
3692	10
149	16	28
150	17
151	18
365	9
366	10
1392	13	23	24
355	14
1393	3	13	21	23	24
356	13	23	24
1824	3	21
1058	5
1003	25
633	26
281	27
197	0	3	21
200	1
201	2
906	3	25
498	26
1326	13	21	23
75	14
3705	23
1325	13	23	24
4283	26
4108	25
1301	31
2457	13	23	24
1621	14
2458	13	23	24
2459	24
2567	13	23	24
603	13	23	24
3006	13	23	24
4401	9
728	10
531	0
632	25
3750	26
619	31
154	9
2352	10
2348	28
2349	30
2275	10
1211	13	23	24
748	13	23	24
1664	13	23	24
512	25	28
3830	26
1681	31
3958	3	6
769	7	22
2122	0
2123	1
836	25
618	14	26	29
837	27
545	31
804	3	4	21
424	3	21
1813	13	25
1619	26
2000	6
4189	9
4190	10
1037	3	21
1799	0	23	24
1350	1
2071	9
2072	10
353	13	23	24
351	14
3384	23
352	0	13	23	24	28
2788	9
1458	19
3484	9
3411	10
2416	13	23
1662	13	23
2415	13	24
542	3	21
2502	6	28	30
641	7	22
642	8
3677	3
126	7	22
3184	9
3444	10
1999	3	6
2006	25
282	17	31
3809	26
723	9
1868	10
3554	28
3555	29
784	13	23	24
1536	14
688	13	23	24
777	13	23	24
1155	6	28	30
1156	28	30
978	3	6
979	22
980	12
730	9
4336	10
1973	25	28	30
27	26	29
477	6	28	30
476	6	13	28	30
1724	25	28
1407	18
4184	9
4185	10
1386	3	6
1387	7	22
1388	12
1980	3
1981	21
1885	3
1315	7	22
1886	8
527	9
528	10
1975	3	21
3595	21
482	9
3268	10
4292	32
1945	3
3557	13	23	24
1417	14
941	13	23	24
210	3
1337	3	4
826	13	24	25	28
2960	26
759	31
17	3	21
1124	9
1125	10
312	3	21	28	30
313	17
314	30
315	28	30
771	9
4163	10
3767	25
514	26	29
2706	27
563	3	21
1804	9
696	10
3065	6
263	7	22
327	8
1263	3
1107	3	9
1108	10
1895	13	24
203	14
3962	23	24
4164	24
1166	25
1167	26
4072	6
185	3	6
363	3	4	21
362	3	21
2917	0
2763	9
2514	10
3974	13
1278	14
2703	15
4123	6
105	3	21
2140	3	21
2188	5
443	3	21
4347	25
2990	26
470	31
2441	3	9
4211	10
927	9
1519	10
1983	3	4
2546	10
1556	13	23	24
3714	14
3715	23
3716	24
1539	13	25	28
1537	13	23	24
4130	23
972	13	23	24	28
3409	10
1079	13	25	32
2276	25	28	30
1412	3	28	30
2147	6
451	3	21
3364	24
625	13
626	14
627	23
628	24
555	13
556	14
557	36
1004	9
1005	10
3156	6	28	30
3870	7
2653	3	6
567	25
4243	25
541	26
4069	28	30
1842	9
1084	10
3415	10
3721	32
307	19
1205	6
2266	6
2267	12
762	9
1803	10
1560	13	24
1243	14
1558	13	23	24
3142	0	24
2974	6	28	30
4286	28	30
2747	3
1591	12
530	3	21
379	5
1609	9
2791	10
3674	3
3197	10
1327	13	24	25
1580	9
535	10
3596	3	21
3263	25
3264	26
3265	27
3005	13	24
4162	6
434	7	18
2020	12
1716	9
159	9
4343	10
2561	3	6
3732	22
2237	12
2489	16	28
1090	18
3223	19
1127	10
1490	9
3107	10
2980	0
2981	1
2721	13	23
2722	23
1052	0
1769	5
3519	32
125	3	6
2037	9
3880	10
3289	13	25
3361	26
121	31
1565	3
1946	4
677	6	28	30
1890	3	28	30
3042	13
3043	14
3044	20
4125	18
3796	3	6
2991	7
2492	6	25
601	8	29
3245	25
809	26
810	27
1285	17
2354	19
574	9
3843	10
134	3	21
3751	9
4053	10
1822	8
1845	3	6
3462	6
2083	4
2367	3	21
4371	25
4065	6
1869	3	21
691	3	4	21
170	7	12	22
682	3	6	9
2243	0
1707	3	21
1708	3	21
26	25
3825	26
2892	3
2893	4
1172	16	28
1333	19
1929	3
3550	13
3551	20
668	9
669	10
473	3	13
2920	21
475	5
1442	9
2573	7
876	10
1743	13
252	14
2271	15
672	16	25	28
673	18
674	19
1212	3
850	4
37	3	4
3882	25
742	14	26
731	10
3708	28	30
3709	28	30
3710	28	30
431	3	6
1197	32
4133	19
3934	6
2754	7
923	8
568	9
388	10
1840	21
1578	3
1579	4
4318	0
3081	13	32
40	14
41	15
51	0
4348	6
644	0	13
645	1
3953	25
544	26
4155	27
3968	3
3969	22
2605	8
187	16	28
188	17
442	19
751	3	6
182	3	16
708	17
1228	19
3110	9
2444	10
3111	34
1715	10
1628	9
970	10
3228	3
4445	21
3230	5
2344	9
2345	10
707	3	16	28
2065	19
2273	9
2394	10
450	3	4	21
2143	9
444	0	13	25
1117	3	21
396	21
2128	13	32
4210	3
2873	3	21
3168	6	25
1563	7
290	9
291	10
1971	28	30
83	17
1972	28	30
3024	16
1931	19
1965	3	21
1898	3	21
1202	9
2497	10
3615	0	6
554	3	6
3128	6	28	30
3127	28	30
1070	25	28	30
1094	9
1855	3
1856	4
1184	16	28
833	17
334	18
2849	3	13	24
4289	0
2792	9
803	10
868	13	23	24
507	9
508	10
974	3	21
581	13
582	14
583	23	25
584	21	24
2483	3	6
2601	7
264	8
4405	0
79	3	4
4424	4
2899	9
3970	10
106	5
4160	4
4028	3
4029	22
1647	8	20
2977	10
2607	9
4257	10
3140	25
1142	27
2908	28
2909	17
2910	30
308	13	24
310	13	23	24
1091	9
2675	10
3145	10
139	9
3358	10
2011	9
4041	10
2803	0	13	28
4242	9
3589	10
1313	26
3514	3
3515	22
4266	6
4267	7
4268	12
3834	32
724	10
1113	9
1114	10
1115	34
2856	10
1996	16
1222	19
4083	3	24
4221	22
4222	8
156	3	21
886	3	21
4350	25
743	9
744	10
841	3	6
3272	28	30
3273	17
3274	28	30
3526	9
1106	0	28	30
922	3	28	30
2510	3
2511	22
2512	12
2506	9
4223	10
2837	16	28
2838	19
2996	3
2055	7	22
2997	8
328	9
1627	3	21
92	9
1063	10
3586	6
675	9
676	10
189	18
190	19
711	13	28
3023	29
2185	0	28
3385	0	6
2038	10
1419	9
2744	10
321	3	21
2732	3	6
2733	7
802	8
2145	14	17
4454	29
3115	19
3895	14
4110	23
4111	24
3558	6
59	16	25	28
1343	17
2907	18
1426	17
4224	13
108	14
109	23
107	13	23	24
1042	0
1043	1
2589	3	21
1271	10
2445	6
3383	10
3025	3
3908	4
735	25	28
2169	18	29
4159	3
2579	3
889	4
849	0
3680	25
3824	10
130	9
2468	10
3699	3	4
3847	4
198	1
2059	3	21
789	3	21
4248	3
3693	3
3694	21
3695	5
2258	10
2979	13	25	32
318	3	21
319	3	21
285	13
286	14
287	23	24
1473	9
155	10
2474	4
2857	6
1096	10
1317	9
1318	10
1139	25	28
1453	20	26
3201	10
2798	16
2053	17
2799	19
3765	3	6
56	3	21
3889	21
2400	10
1990	9
2822	10
2564	25
2565	26
569	10
4018	3	21
2187	3	4	21
3416	16	25
1105	19
231	3	4
722	3	4
3095	21
2086	9	25
2087	26
36	3
893	10
214	16	28
1049	17
586	18
957	19
698	9
699	10
1749	3	21
639	21
116	5
2529	10
1660	9
1661	10
650	13	25
651	14
652	36
152	3	4
1059	4
1502	0
49	9
50	10
1581	9
407	10
1353	34
3644	6
3645	7
3646	8
3935	6
330	3	21
331	3	21
2409	9
3434	10
1592	3	21
705	3	21
2076	6
817	7
3276	25
487	18	26
2079	13	32
102	9
716	10
2393	19
224	3	6
2031	9
2032	10
1015	9
1296	10
2133	3
1511	7	22
1512	8
3068	9
3873	10
2939	18
1334	13	23	24
227	14
1335	13	23	24
2840	15
1567	9
928	10
846	14
2285	3	6
1374	7	22
2015	12
912	25	28	30
911	25	28	30
913	28	30
1135	10
4096	10
387	9
1497	10
4077	3	6
1149	7	22
1150	8
425	25
426	18	26
634	3
2669	4
81	10
3166	6
1416	13	23	24
1255	13	23	24
1997	10
3343	3	21
3344	3	21
454	3
2862	3	21
1752	16
2040	17
1617	18
1753	19
566	0	25
3581	6	28	30
2295	3	6	28	30
3207	10
2324	3	6
3921	10
3848	21
2984	13
2985	14
3496	23
3497	24
2854	25
2855	26
3092	31
1995	0
1411	3	21
963	3	21
202	13	23	24
3468	10
2786	10
249	3
720	9
2135	10
377	3	21
509	4
2628	3	6
1843	10
3007	3
2921	10
996	13	23	24	25
2206	26
3593	17
703	18
612	3	21
613	21
2125	16	28
3456	6
2633	25
4085	26
2634	27
3045	3
3072	21
76	13	23	24
2181	13	23
74	13	24
1209	9
1210	10
2218	3
2219	21
1215	5
2197	21
1827	9
761	10
2659	16	28
2660	18
2661	19
360	13	23
359	14
4234	23
358	13	23	24
647	17
1355	13	23	24
1484	14
3388	23	24
1637	6
1638	7
1639	8
715	3	9
2241	9
2242	10
1175	28	30
1176	28	30
1177	28	30
1072	0
505	1
506	2
892	3	9
2256	10
4341	26
3224	3
559	4
560	5
1286	9
2162	10
3149	9
821	3	21
2750	3	6
3453	3	21
638	3	21
3386	13
3387	20
2369	3
2575	18
179	9
3600	10
830	3	4	21
1429	3	4	21
3353	21
1339	3	16	28
1340	22
1341	12
1382	3	6
1046	7	22
1547	3	21
1395	10
3979	25
988	3	16
35	19
2317	13	23	24
4355	6
2933	7
85	16
167	17
3890	25
3891	26
392	27
2663	10
1083	9
3907	10
3351	9
3352	10
3540	3
3261	9
1102	10
1332	10
4236	28	30
3001	6	28	30
4235	28	30
1461	9
553	10
1227	16	28
1478	3
3757	4
4312	10
579	27
2325	4
2742	4
549	6
550	7	22
2026	13
3200	14
12	14	20	31
4251	3
589	22
332	16	28
333	17
1481	6	28	30
3050	13
3051	14
3052	15
1336	9
3510	0
1468	3
1469	22
1470	12
765	3	25
1408	17
2645	3	4
3431	4
1622	13	23	24
596	25	28	30
1372	26	29
598	27
3382	3
1789	3	9
1974	10
3217	10
685	9
960	10
1168	19
616	10
621	25	28	30
3076	28	30
2649	28	30
3363	10
337	9
338	10
296	9
4197	10
3028	25
3844	13
239	14	20
3845	20
3236	10
1116	3
4058	3
479	10
2548	25	28
3650	26
1632	3
1633	4
292	9
324	10
1858	10
161	9
2228	10
2809	3
0	32
948	19
2654	13	24
2655	14
2656	13	23
2657	23	24
3440	10
4456	10
433	17
904	9
465	25
466	26
1075	10
1642	18
1138	10
4042	0	25
536	14	26
840	7	22
2141	9
4044	3	6
468	26
2360	9
2361	10
3718	13
3719	23
3720	24
2338	6
709	19
3791	16
3792	18
1268	16
2127	9
3782	10
961	16	28
268	19
164	10
1744	23
1745	24
13	13	32
1932	9
4075	10
2425	3
2426	21
2427	5
3652	16	25
2972	19
1345	23	24
1346	23	24
3613	3	13
4126	14
4128	24
349	13	32
1704	6
883	9
4049	10
3106	6	25
1700	7	12
2091	10
3394	3	21
3395	21
4321	6
398	4
1130	10
1342	21
3203	9
3204	10
884	10
2929	25
2930	26
1585	10
4428	6
1504	3	4
2519	4
1910	0	3
3670	22
3671	12
1319	9
1320	10
2766	13	23
350	13	23	24
117	3	21
2036	3	4
2096	13	23	24
2563	23
1314	3	6	25
174	7	22
1462	10
208	0
3008	9
2447	10
3855	6
3861	9
2335	10
2578	23	24
1447	13	24
147	10
288	28
289	18
1258	17
3838	0
3016	9
905	10
4	14
3701	23
3702	24
2281	0
3303	10
1915	3
4089	6
2434	7
926	8
3327	10
145	4
2865	25	28	30
908	25	28	30
1289	3
543	25
2282	26
158	5
232	3	4	21
1595	10
3279	28	30
3278	28	30
4214	24
2375	16	28
410	18
411	19
839	6
713	0
3216	1
519	3	21
532	13	25
4168	26
1916	6	28	30
1178	25	32
2157	3	6
1952	28	30
1953	28	30
3088	20	26
2401	6
1421	13	23	24
3389	24
3335	0
3336	1
2592	25
2198	25
2490	9
2993	0	3	16
1451	0	13
2884	14	20
4227	20
3418	17
4254	10
2356	3	9
3449	22
3450	12
491	6
3059	10
3678	25
3679	26
2263	13	25	28
2964	20
861	10
3347	6
3150	6
2616	25
2617	26
2618	19	27
3339	13	32
1065	16	28
2210	9
1832	10
82	6	28	30
4043	7
3304	9
3516	10
323	9
4183	10
3011	9
3012	10
1053	6
4460	9
3697	10
3292	13	23
3291	14
4017	23
3290	13	24
2008	9
2009	10
1483	10
2580	3	6
4040	10
3617	28
3754	29
4056	10
251	13	24
253	23	24
2998	24
486	25	28
1449	18
1503	3	4
1746	25
1747	14	26
3713	10
245	3	21
3010	3
1574	18
1575	19
4202	9
4203	10
1246	25
1020	3	6	25
1021	26
1022	31
1538	6
171	12
871	9
2450	10
3619	16	28
740	17
1806	10
2698	6
1435	9
1436	10
604	13	23	24
776	13	23	24
1739	26	29
118	3	4	21
3926	25
3927	26
3928	27
1648	10
4090	3
3349	6
3350	7
946	10
2812	19
4359	6
4146	7	22
1513	9
3396	10
380	3	16	25	28
3724	19
3405	32
2530	26
848	10
1977	3	28
3686	3
3687	21
3881	9
1694	25	28
4363	18
1235	9
1236	10
865	25	28
1615	16	28
277	28	30
278	28	30
275	28	30
2029	21
3954	26
502	6
3367	13
3368	20
822	3	13	21
1424	9
1425	10
2610	3
3874	3
378	3	21
3393	3
1557	23	24
1240	23	24	25
903	1	26
274	0	28	30
273	28	30
3503	6
326	7	22
3504	8
858	21
2503	10
3936	25
2419	27
534	9
2487	3
3151	3	21
1101	9
971	13	23	24
973	13	23	24
1143	13
1144	14
1145	23
1146	24
2030	25
511	26
1850	25
3058	3
1957	13	23	24
1958	14
1959	13	23
1960	13	24
969	9
3243	10
3119	0	6
3828	9
1696	10
3026	4
2248	9
1800	25	28
1801	18	20	26
3429	13
1450	14	26
3426	9
195	3	28	30
194	25	28	30
192	28	30
575	10
1514	6
1515	7
702	3	6
617	6	25
2244	6
1606	16	28
4000	17
1607	18
3542	28
3543	30
3578	13
2697	15
2184	20	36
3326	9
895	10
2988	9
3982	3
3983	4
1362	3
3623	9
2274	10
2291	32
2621	6	13
2622	7
2623	8
1757	9
3070	10
3192	10
2233	3
3171	4
3332	10
1665	10
304	10
1925	25
1926	26	29
1452	1
2613	0
2010	10
1308	9
1964	10
2704	10
402	17
2668	28	30
4036	3	6
4037	22
2847	6	13	23	25
2499	26
4102	27
2464	13	32
4447	10
2602	10
2794	18
2209	9
1702	3	21
199	0
4398	6
1485	23
1486	24
2124	6	16
952	19
3078	3
2292	17
1930	25
3125	3
995	7	22
3126	12
2922	21
877	21
1545	3
1546	21
1676	9
3077	10
1280	3	9
2543	22
1630	9
3397	9
565	10
4279	3	6
3464	7	22
4305	8
3346	10
3035	3
3036	4
1404	3	21
3518	3	21
212	16	28
3155	28	30
3154	28	30
953	13
954	14
955	23
956	24
599	28
4383	29
1518	17
1644	3	9
4153	22
4154	8
2039	3	6
2174	17
1460	18
3535	14
3626	10
4258	0
293	10
2859	3	21
4412	21
1756	19
1828	25	28
3831	28	30
1796	6
2149	13	23	24
2879	10
45	6	28	30
4438	21
2334	9
2245	3
2246	4
4144	9
1805	10
1722	25
1723	26
1810	3	9
2559	22
1077	10
1303	13	28
1304	36
3728	9
1968	10
3813	10
3560	0
375	3
376	21
1882	3	6
3599	10
211	4
3169	9
3170	10
4256	9
173	3	16	25	28
175	8	12
176	8
2262	10
4062	6
4063	7
1909	8
472	28	30
471	28	30
1331	9
1027	4
3019	14
3018	13	23	24
1631	10
494	3	6	28	30
495	6	28	30
2619	3
3793	3	6
3491	3
3492	22
279	25
280	14	26
2608	10
3948	6
2962	13
2963	14
1645	10
2012	3	25	28
2013	22
2014	8
464	13	32
2286	28	30
2287	28	30
1846	32
2968	19
2101	3
2102	4
1104	10
2689	3
562	7	22
3570	25
3571	26
870	10
2942	3
2943	22
485	8
3478	6	25
2042	6
2152	25
882	26
1759	9
1760	10
3398	3	4
4218	3
1740	3	6
2861	3	21
585	17
3271	0
3221	26
385	14
783	23
78	3
4387	9
4388	10
1492	16	28
216	19
2498	3	25
3776	26
2620	4
662	3	21
1854	32
665	19
2726	3	16	28
2761	18
2969	6
2970	7
4345	3	6
2165	3	21
796	10
975	3	21
3603	25
3604	26
655	9
656	10
1432	3	21
2494	13	23	24
409	6	16	28
875	9
2351	9
1692	0	3	6
2625	3
4396	4
84	25	28	30
389	26	29
3283	3
3284	12
902	0	25	28	30
2508	28	30
1698	6	25
1699	7
2171	9
4385	10
862	3
863	21
1771	3	21	28
1817	32
2590	6
1991	10
2119	7	22
2120	8	12
3665	6
3481	7
3666	12
2810	10
2975	7
2976	12
2048	3	6
1413	22
1414	8
3995	25
4394	26
3894	13
3896	23	24
3897	24
3333	9
3334	10
1572	3
2315	28
2193	19
767	0	3	21
1463	3	4
1464	3	4
1248	28
712	18	29
57	21
58	5
456	17
2680	0
2728	1	29
815	21
1491	10
2611	6
2612	7
400	10
2886	19
2978	3	25
1360	0	3
1257	7	22
1361	12
2264	29
2525	25
1851	26
4198	25
894	9
1911	10
3190	3
3286	21
4360	25
4361	26
3476	27
2598	13
2599	14
2600	20
325	3	6
3865	9
4290	10
4186	6
2134	6
949	13	32
1727	26
1259	9
1498	10
4139	3
1520	13
1521	14
1522	22	36
1720	3	6
3770	6
3771	7
3911	6
3912	8
1949	17
524	28	30
2469	17
1762	29
204	13	23	24
205	23	24
766	3	21
2501	10
1779	3	6
1780	22
460	0	28	30
4307	28	30
413	25	32
2027	14	26
700	3
701	21
2646	3	4
2103	20
3309	3
706	21
1684	10
755	28	30
754	6	28	30
343	9
3851	10
3568	3
3465	8	12
2312	13	24
2230	14
2310	13	23
2835	23	24
2208	10
4105	10
2738	3	13
2739	22
2740	8
1389	25
4011	3
4012	22
2755	8
3859	3
1866	4
148	19
2098	13	25
3307	10
1732	9
1733	10
2395	21
4285	10
1284	13	25	32
1687	19
3329	13
3330	14
3331	20
2017	9
329	10
1709	13	25
1710	26
4120	10
1233	3
1600	3	4
745	13	24
747	23
1232	28	30
1231	28	30
726	0	6
1731	7
3392	13
1148	0	3
2252	10
3406	16
3407	18
3408	19
247	9
248	10
2796	3	6
2797	22
3412	28
3413	30
2547	10
3565	28
3566	17
3009	9	29
3004	9
2643	13	16	28
4413	23
4414	24
533	24	25
1099	26
2823	10
760	9
1111	0
3399	6
3400	7
3401	12
446	20
3808	10
1928	6
1652	10
2080	28	30
2081	28	30
2082	6	28	30
763	10
297	10
1137	9
1924	10
2644	3	6
1383	25
1384	26
1385	31
2118	3	6
496	25
3795	26
1849	9
94	3	6
95	7
4252	25
1658	27
24	9
2741	10
3105	6
1261	26
1262	27
1477	13	32
1533	3	21
1677	10
1041	10
3183	10
4033	3	6
3819	9
2614	3	6
3181	6
1735	9
2999	10
2658	3
4446	21
944	3	4
3918	10
3696	9
1668	10
1788	3	6
1982	10
660	3	4
3316	14
3317	8	20
3530	25
3531	26
3532	27
3997	20
3357	6
770	8
1338	4
3365	25
2731	31
1601	3	21
1602	21
1861	3	6
2073	22
2858	12
3277	3
985	7	22
986	12
2576	28
2167	13	25
2327	25
2328	26
2329	27
597	26
169	6	16
1986	28
1347	3	21
1348	3	21
4390	0
3374	6
403	28	30
401	25	28	30
3422	23
3423	24
727	9
1728	3	4
3755	21
539	25
992	6
993	7	22
1277	13
1279	12	20	36
525	25
2216	13	23	24
1434	13	23	24
1031	6	25
1032	26
1815	10
558	3	4
2901	9
3486	10
1438	9
1439	10
4327	16
680	9
2815	10
2406	4
2052	16
1269	19
2358	9
2359	10
510	25
1808	9
4386	10
3056	13	23	24
1465	9
1219	0	25
657	9
3094	13
1147	10
686	10
2160	10
3761	10
435	19
44	6	28	30
3206	10
3328	25
2793	21
1427	25	28
504	0	3	25
1978	22
269	6
4030	32
3839	19
3244	16	28
136	17
3991	18
3992	19
2936	16	28
1604	6
1605	7
1552	3	6
1553	7	22
1554	12
2041	4
729	30
600	17
1193	6
1194	7
1195	8
820	8
2522	3
2523	22
2524	12
2776	3	6
719	3	6
1550	16	25
1153	19
2180	6
805	3
806	4
3123	21
1406	28
2438	13
3877	14	23
3878	23
3879	24
1941	6
1942	7
1943	8
305	18
1305	28
1761	17
196	6
2112	28	30
2113	28	30
4013	0	25
2517	1
345	6	25
346	27
2347	3	4
1659	3
3205	10
3657	9
4194	10
1755	9
3080	10
2213	3
2214	21
2215	5
2018	3	6
3246	10
222	9
896	34
3014	6
3951	25
2305	27
461	3
1187	6
1936	4
2172	10
2095	28
1689	0
1690	1
347	9
348	10
1825	3	21
3000	0	13
623	3
4006	10
1216	0	25
2316	13	23	24
2868	25
983	31
1422	23
1423	24
3513	10
2545	0
4174	10
1686	32
1366	0	3	6
2383	1
3700	21
2801	0	6
2863	9
4281	10
1807	25
223	10
3752	3
3753	4
2155	3
2156	22
3238	28	30
3237	28	30
3003	23	24
2923	13
2924	14
2925	15
3320	9
3321	10
3322	34
4122	6
1947	9
1948	10
1773	13	25
1950	20
4408	6
1283	8
4368	25
4369	26
4370	27
2278	21
1274	13
693	14
1275	36
2843	10
2718	3
2719	22
2829	3	21
2239	3
272	22
2240	12
3226	9
3227	10
415	3	21
2413	25
162	10
824	28	30
823	28	30
825	28	30
2379	25
2380	26
1501	10
3827	0	6
1820	19
2631	13	25
1010	3	21
1011	3	21
758	26
3469	10
1036	6
3229	21
42	28	30
3176	3	6
845	13
546	10
3294	9
3195	10
3232	23
3240	10
3902	10
2231	13	23	24
2834	13	23
2229	13	24
1321	0
1322	1
2574	28
1506	18
1944	13	23	24
3441	3	9
1095	10
3552	23
1935	3	21
2551	0
1016	10
2374	0	6
2465	13
4231	26
4124	3	6
891	10
3108	25
3109	26
1430	3	21
1431	21
2301	28
2302	30
165	25	28
1170	10
2944	25
391	26
2585	13
2586	23
605	13	24
3390	22
3391	8
2346	18
390	25
827	14
828	23
829	24
3371	25
3194	10
1500	17
3672	10
4134	6
4402	10
936	25	28
3860	10
4439	6
2220	9
3541	10
2176	13
2177	23	24
2178	21	23	24
4322	28
123	14	26	29
697	3	6	32
3250	6
220	6	25
221	26
1140	18
1549	0
4314	0
3379	0
3157	6
4092	6
1682	3	6	28	30
1329	7	22
2481	8
1583	3	21
1196	6
3100	25
3359	10
4357	6
3932	24	28
4170	29
2878	9
1272	3	6
3452	10
111	3
112	22
113	12
2594	3
2595	8
1775	13	24
1776	14
1777	13	23
1778	24
654	10
2681	1
2541	21
1596	3	6
213	19
2836	28	30
2376	0	28	30
4274	9
1679	10
1905	10
77	24
2695	10
994	6
3836	3	13
3837	20
1966	6
989	3	4
4397	4
2864	10
3920	3	6
1444	10
1128	9
4217	10
3642	3
2202	13	24
404	28
405	29
4260	6
3729	3	6
4116	7
4117	12
3414	19
2453	3
4246	6
2869	13	25
1937	10
1718	10
2891	21
3225	9
3182	17
2841	25
2842	27
3495	10
2475	10
484	3	24
2874	3
2875	21
2782	32
2648	4
3906	3
1641	10
3196	3
1093	26
1555	8
1455	0	13
1456	1
3064	10
943	3	4
1516	10
1377	13	24
1378	14
1379	23	24
1831	9
3135	25
4372	3
3864	32
2064	19
1938	3	6
2941	22
2883	9
2077	10
2183	13	23
2684	13	23	24
2531	25
2532	26
2705	25
419	26
1611	13	23	24
1612	13	23	24
1192	23	24
3529	3	6
2560	6	13
1993	25	28
3112	4
2824	17
1917	28	30
2340	3	28
4406	9
1012	6
3373	4
4329	3
4330	22
4331	12
1838	0
2137	22
2902	3	6
3505	3
3506	22
217	13	32
3175	13	25
1852	32
3231	18
2954	3	6
2955	7	22
4323	13
4324	14
4325	23
4326	24
3369	25
3251	13
3252	23
3253	24
3876	3	6
1507	6	13
1508	14
3420	15
129	18	26
2767	25	28
2768	18
4277	6
3220	25
53	13	32
3658	6
2016	3	21
2676	3	21
4373	4
480	3
481	21
316	13	25
430	23	24
421	23	24	25
4353	21
1987	6
1988	7
3749	10
3807	6
4382	10
2163	9
2164	10
2440	3
2261	10
3955	10
1479	4
3074	6
801	7	22
2300	3	4
1613	13
1614	20
3164	10
3731	19
2470	4
4034	22
4035	12
2971	10
2571	25
2572	26
2478	25
4171	29
2390	10
4364	10
4038	3
4039	4
4297	3
4298	4
335	21
2727	22
1454	32
1250	35
1039	3	6
3939	22
412	0	28	30
1646	14
2533	6	25
2534	8
3002	7
4262	3
4263	4
4264	5
2880	3	6
2365	3
2366	21
3533	25
3534	26
1593	28	30
1594	28	30
4389	29
2407	10
3575	10
135	16	28
137	18
138	19
416	0
3454	4
1879	6
1880	7
3840	10
2255	10
3527	10
1251	9
230	3	4
438	4
2935	10
2251	6
932	6
3247	13	23	24
1190	14
3248	23
3249	13	24
1871	13
1872	14
1873	20
1603	6	25
938	13	23
940	23	24
2683	13	24
2212	10
1589	3	6
1736	13
1737	23
1738	24
1836	0
3097	3
3846	6
1874	4
2953	3	9
4104	10
2807	6
2808	7
1164	6	28	30
3212	25
3213	26
3561	28
3562	30
2115	3
2116	22
793	8	20
3120	8
302	10
3254	9
3255	10
2787	23
2396	3
3971	3	6
2247	0
1887	10
3817	3	4
3144	6
2203	0	25
1123	12
1179	16
1050	19
643	25	28
4317	6
3121	10
1054	3	6	25
4060	26
4061	31
608	25	28
609	18
1380	18
2268	9
4093	3	21
3458	25
3459	26
3460	27
3631	9
3632	10
3818	6
1218	26
1445	3
1446	22
3318	20
361	13	23	24
4351	14
4352	23	24
436	3	6
3587	13	25
3852	14
3853	20
2488	3	21
1018	10
306	10
2265	10
3598	6
1013	9
2309	10
3222	3	25
1129	10
1078	6
3013	10
859	10
2420	25
2421	26
4079	4
2297	10
3202	6
2357	10
3267	6
1685	3	21
3676	6
1475	3
1476	21
2734	9
4073	10
370	3
872	10
772	10
3742	10
997	14
813	23	24
998	24
1629	10
1706	3	21
1823	6
3868	26
317	0
3177	32
3376	9
3377	10
3816	25
4354	3	6
1437	19
1024	10
298	25
4166	31
4167	26
1213	3	4
4009	3
4010	22
4417	3
4418	21
3055	6
114	3	21
3622	4
717	9
965	3	4
3089	6
3517	25
3913	21
219	3	6
3698	3
812	13	24
4200	23	24
714	1
2789	6	25
2500	27
3037	25
3038	26
3783	6
3784	7
3785	8
4304	6
2581	25
2636	13
2637	23
2333	23	24
4410	13
4411	14
3404	12	36
4057	25
3082	6
1693	9
3892	6
2418	26
1847	19
3875	3
2074	6
1281	10
160	10
1151	3	21
2019	22
3577	10
1165	28	30
1919	22
800	3
629	32
630	19
2318	13	32
2308	19
3576	3	21
3963	10
2696	3	6
2227	10
2896	25
3178	18
1590	3	6
572	9
573	10
1368	3	21
2650	17
2191	32
2507	22	29
3143	3	6
3647	6
2897	14	26
2100	13	32
3909	15
2748	0
3904	18
3756	10
3299	28	30
3300	3	28	30
3717	3
1535	23	24
3949	6
1548	4
3069	10
3477	0
814	24
1244	23
1245	24
87	19
4378	13	24
4379	14
4380	13	23
4381	24
1751	13	23
4098	4
1701	26
2678	3	6
2679	12	20
3362	26
3189	19
2423	0
1302	26	29
1767	3
3146	21
1487	3	9
816	6
4425	21
756	3	6
1927	10
1471	10
2460	0
4099	10
2050	10
3498	6
1688	13	25
1571	10
3610	3
2825	9
2277	10
2289	26
3034	6
4181	26
2764	10
2021	6
2151	10
1047	0	3
3485	23
395	3
4448	13
4449	36
3084	4
3608	3	21
3463	6
2934	10
3915	0
602	21
1459	17
921	3	6
4145	10
3020	23
3021	24
3546	10
2785	19
2802	25
3638	26
1542	0
3780	25
3748	6
1086	14
2553	24
1678	10
1073	1
4282	9
3133	25
3134	26
3039	10
3597	14
3528	6
2582	23	25
2745	19
2158	3	6
2820	8
3689	3	21
3688	3	21
3726	5
241	18
242	19
3512	26
4026	9
4027	10
2848	23
2456	3
1834	8	12
1717	10
1653	25
1654	26
1742	0
3340	9
3826	10
2664	6
2665	7
897	3	6	25
898	22
4151	3
4152	22
3790	3
262	6
3898	29
124	0
2528	9
1396	3
1397	22
1398	12
3047	18
4461	25
1791	0
1782	3
4052	10
4138	26
2780	9
3141	0
3984	25
3985	26
39	13	25	32
3049	3	6
3324	22
3160	6
3161	7
2556	25
2067	26
2557	31
2449	19
2860	3	21
3345	4
851	18	26
3660	3
2293	22
2294	8
683	0
1764	10
4019	13
4020	23
4021	24
3569	4
4156	3
2337	22
1697	0
4255	3
3256	13
3186	14
3257	23
3258	24
934	3
935	22
947	10
2652	3
1786	3	21
2821	3	6
764	3
4426	6
1636	6
1899	26
1900	27
2550	13	25
3473	10
4421	10
635	3	4
3559	31
2249	6
1189	13	23
2439	23	24
3308	10
1795	25
4195	25
4340	0
4441	10
1260	10
2257	10
3269	3
1906	9
918	10
1568	10
3747	6
2332	13	23
2028	20
2882	3
2577	26
462	4
2066	25
1081	27
1765	3	21
1766	3	21
226	13	23	24
229	6	13	24
1562	6
620	3
3952	21
2692	13	24
689	13	23	24
3040	23	24
2926	10
2804	3	6
3594	6
3451	10
3941	3	9
4165	10
2986	23
2987	24
1726	25
1358	23	24
3187	23	24
3616	3	21
3354	0
1206	25
1992	3
3744	3	6
1109	0	28	30
3312	6	23
3132	17
561	6
1962	6
1963	7
3931	13
1060	3	6
3455	28
1495	23
1496	24
2651	24
3355	13
3356	14
3563	10
2638	3	6
2639	22
2303	25
2304	14	26
2708	0
4176	10
2677	10
4094	3
710	3	13	25	32
422	26
1530	9
1841	10
2491	10
1711	0
3480	6
3482	8
640	6
1582	10
2190	18
122	25
2412	32
2870	26
2326	21
4400	10
2269	10
4008	17
1180	18
2034	28	30
2035	28	30
2033	28	30
2389	9
1256	6
453	6
964	3
2093	25
2094	26
3639	21
2816	3	6
2817	7
2818	12
3493	23
3494	24
768	6
2370	10
2989	0	25
4293	13
4294	23
4261	13
1420	10
1577	3	21
1510	3	6
2743	0
1249	0	32
234	3	6
235	7
236	8
1811	10
2516	6
987	10
3502	25
1862	10
3961	13
2701	29
2046	25
2047	26
3443	25
2004	26
990	4
1967	9
3029	6
1768	21
2757	0	6
2476	3
3998	21
3430	3	4
2049	9
4444	10
3219	10
3922	6
3923	7
2192	19
1309	10
1848	31
2806	10
3129	6
4228	3
2075	18
3829	6
2965	10
3306	10
3592	10
1295	19
4375	3
2173	10
2693	7
2694	12
295	6
4118	6
4339	21
1373	6
2387	25
2632	26
3797	3
3798	22
1026	10
888	3
257	9
258	10
3649	6
1649	16
1650	19
1067	9
1068	10
1912	13	32
4309	6
3159	7	22
4310	8
3980	26
2142	10
842	3
843	22
844	8
1376	13	32
3863	3
367	21
1048	22
3739	10
2454	9
2455	10
3118	4
2105	24
977	34
588	3	6
590	12
3275	10
3425	10
3960	10
2890	3
1133	0
1134	1
1428	3	6
2945	3
4196	6
1671	36
2844	6
2845	7
2846	8
271	3	6
959	7	22
518	6
1875	13
864	3	6
1544	22
3062	10
637	10
2166	3
3659	13	32
3403	22
3470	25
3471	26
3472	27
1758	10
4315	26
4316	27
622	26
1543	3
2707	3	6
186	6
2063	32
4237	10
3630	10
1509	15
68	3	6
521	9
2774	25
2775	26
3103	9
3104	10
1725	28
577	25
2940	15
4182	3	6
2136	3	25
1223	6
1224	7
1225	8
3841	10
206	9
207	10
3380	10
3030	14
3031	23
3032	24
2159	8
2773	3	25
1254	0	28	30
2284	3	6	28	30
3725	6
2687	7
3445	25	29
3446	18	26
3447	27
1297	13
1298	14
1299	23
1300	24
3437	0
2725	23	24
4100	10
1	19
2903	0	6
4091	10
3823	10
3539	10
749	3
750	22
1403	3	21
929	29
1064	3	6
2405	6
4328	6
2495	6
2496	7	22
2552	10
1007	25
1008	26
467	25
2408	26
2436	9
2092	3
3341	9
3342	10
958	6
4004	6
2422	3	6
4088	21
2388	26
4101	26
4001	10
1282	3
2772	22
3188	24
4245	10
671	10
2536	17
3131	10
4087	6
2781	10
3435	10
503	6
1610	10
3499	6
3500	7
2232	24
3862	6
1703	0
2686	6
4232	25
4233	27
3832	28
2765	6
1812	3
2749	10
1576	21
4440	10
593	27	31
3438	6
2399	3
141	3
142	21
4199	13
4201	24
1323	3
1214	6
3548	28
3549	29
4240	10
2916	6
255	7	22
2099	20
3099	6
3640	16
2946	3	6
2069	13	23	24
2070	24
3158	3
4112	13
4113	23
2642	13	23	24
2888	19
3027	32
2182	19
1409	9
3285	6
4064	21
3162	10
1620	19
2330	3	6
1876	10
1618	25
1940	21
2570	4
2045	25
2994	22
2995	12
3994	10
2385	3	6
3572	13
3573	36
2114	6
4107	3
718	10
4172	10
2199	13
2200	14
4365	10
2485	9
2486	10
4459	10
2711	28	30
2712	30
2713	28	30
3945	0
1913	3
1914	21
3711	3
4409	17
2110	6
2111	7
2584	21
3981	6
2319	22
2320	12
2905	25
2322	0	3
2323	21
344	10
881	25
1523	0
1524	1
2895	7
1071	26
25	10
695	9
3093	4
791	0	3
792	22
4207	10
2221	10
4076	32
2724	6
738	28
739	30
3673	6
591	25
592	26
2386	6
1774	0
1531	10
1826	6
1226	3
3199	10
1276	10
1921	9
1901	21
1902	5
4002	10
4306	22
3988	6
3989	7
3990	12
1792	24
3648	10
3487	14
3488	20
721	10
3802	20
4442	3
4443	4
3722	0	3
4346	6
4407	3
3233	4
4157	0
907	10
2973	3
3136	9
3137	10
4149	6
819	7
4205	25
4206	26
3193	26
4129	21
3582	6
1441	28	30
3139	3
3116	0
4132	3
3978	3
2603	3
2604	22
838	10
1375	13	24
4430	24
781	3
782	21
2938	10
4141	25
2912	3
3511	18
3606	36
2629	13	23
260	14
2630	23
1092	10
1080	26
3191	6
4147	3
4148	22
3814	6
2609	3	16
3348	25
3583	13
3584	23
3585	24
4066	20
2121	3
3849	16
1051	10
1754	4
4084	29
463	6
100	28
101	3	6	30
2753	6
3360	6
3883	9
3884	10
1440	10
1241	3	6
2911	16	28
2168	20
2606	29
259	13	24
2226	9
1357	23
4278	6
919	3	6
2667	7
1312	6
580	6
3522	21
2542	29
3707	10
4284	23
1186	6
4420	23
3165	15
4376	6
4377	7
1683	28	30
2402	29
984	6
3180	7
3899	13
3900	24
4452	3
4453	4
2371	3	6
3972	6
3661	22
2424	20
1252	10
2179	3	21
3319	10
2927	3
2928	22
2518	30
1951	6
3293	24
3667	9
3668	10
3612	3
3999	6
153	3	4
2117	25
1956	3
3820	6
3821	7
3822	12
3523	25
3524	26
1118	10
418	25
420	31
2403	3
1586	10
564	9
2627	10
3683	17
3179	3
1200	3	6
3914	0
1310	0	3
1311	22
2313	3	6
1306	17
1307	29
2982	13
2983	14
2885	20
3234	25
937	22
3737	20
2068	3	6
2279	6
4023	6
3893	22
2404	5
256	8
254	3
3738	4
4135	9
429	13	23
2442	22
2443	8
1809	10
3810	26
3811	31
4239	3
2949	6
2950	7
2951	8
1242	22
3553	21
2471	16
2472	18
2881	10
93	10
3669	10
3281	25
3282	26
4025	10
4455	18
3461	0	13
976	10
4024	3	13	24
3163	3	21
4272	10
2956	23
1883	7
1884	12
3066	6
3427	10
1199	24
3298	6
3959	29
3769	26
1837	0
3885	10
1989	17
2670	3
1230	21
3067	0
3835	10
794	10
2904	10
2381	10
3296	6
3063	10
3015	21
4014	10
2205	25
2207	27
4080	13
4081	14
4082	23
3591	3
4275	10
2674	3	21
3314	25
4436	6
4437	12
4054	26
1608	6
3743	10
587	6
4302	25
4303	26
2931	23
2932	24
692	13
694	36
4131	10
3544	9
3842	10
966	3	25
967	22
1673	3
1674	7	22
1675	8
2760	3
2259	9
2260	10
63	3
64	22
4045	3
2044	9
3735	3
3173	10
4462	4
1797	3
1798	22
4050	6
3996	26
681	10
2751	22
3690	5
2336	3
3965	3
3966	22
3564	3
1954	12
2288	25
3579	10
2437	19
885	6
1816	10
2222	13	23
2331	22
4280	7
4367	13
3490	29
773	3
2894	10
1672	22
2867	23	24
3779	16
4103	13
3764	6
3976	9
3977	10
1573	16
4208	24
2866	6
2433	6
4031	13
3924	0
131	10
3102	10
3789	22
3057	10
774	28	30
775	28	30
488	3	25
1781	10
2057	10
3653	25
3654	26
3167	9
2461	9
2462	10
3305	10
752	22
753	12
3242	4
4142	25
4143	26
4333	6
4334	8
1655	10
1351	9
1352	10
2769	6
2770	7
2771	12
684	3	6
2957	16
2958	17
2959	18
2554	3
2290	10
3147	26
1714	9
1663	23
1561	6
2626	4
4270	21
2223	23
2709	3	9
1359	6
2624	6
1551	10
666	3
2022	6
2023	7
594	10
1198	19
981	25
982	26
4220	9
2966	6
4431	9
4432	10
2549	18
930	25
931	31
3772	10
4047	3
4048	4
2777	13
2778	23
2779	24
2003	25
2005	27
2640	13	23
2641	23
2758	23	24
2759	24
3071	32
2900	10
3609	6
1814	32
516	30
517	28	30
924	6
925	7
736	18
818	6
2194	23
110	13	24
2253	25
2254	26
3270	10
4067	6
4068	7
2235	3
2236	22
901	0
2583	26
3378	3
2341	29
1680	26
4392	10
3611	6
3740	6
3944	6
2311	23
4158	6
1238	3	6
1239	7
3762	21
4109	9
1748	10
3872	26
808	25
1985	10
1066	19
1998	10
3439	3
1559	23
2146	29
2138	6
2139	7
2170	6
4362	22
2280	6
1370	28
1371	14	29
3607	10
4150	16
3775	10
4070	31
4071	26
2967	32
1220	25
1221	26
469	27
3905	6
3685	0
2851	3
3866	10
847	20
168	19
2484	21
66	3
2952	3
1293	21
3509	10
4374	26
1057	21
2795	16
3869	6
4415	6
30	3
31	22
32	8
1203	10
1183	10
2918	9
2919	10
1120	10
4358	0
4399	3
3621	10
2682	24
3833	10
3574	9
3956	6
3916	9
3917	10
2790	7
2085	21
3	13
5	23
6	24
2238	6
3620	6
1939	7
3096	3
4416	10
2691	32
3287	3
3288	22
4238	9
397	3
2947	3
2948	21
3601	28
3602	30
3730	4
4308	29
4403	25
4404	26
2558	3
4022	12
1328	3
1330	8
3211	26
4276	6
2828	8
3474	25
3475	26
3060	4
97	3
483	10
3993	9
474	21
4016	4
3114	6
2350	4
1793	32
1794	33
3745	6
3655	10
2826	6
2827	7
3627	25
3547	10
2411	21
1529	14
3628	23
3629	24
4209	21
2737	9
1014	10
3733	3
1955	25
4332	10
3703	9
3704	10
1349	0
1922	3
1923	12
3372	6
4319	3
4320	22
3943	8
3315	21
3942	22
3643	6
1466	10
4106	25
3636	23
3637	24
3857	17
3858	30
1188	19
1045	6
2382	0
2587	25
3633	3
3083	21
1191	23
191	6
2666	13
3266	20
2054	6
2189	10
2913	25
4391	6
3370	26
4177	25
4178	26
4179	31
2175	0
3185	10
2493	6
879	3
3919	27
2051	6
1888	3
670	6
1390	10
4086	3
4051	4
4119	18
2482	13
3964	6
2992	3	6
3442	16
3768	6
4291	4
3466	3
3467	22
2477	21
3424	8
2321	9
47	1
741	0	3	25	28	30
2915	22
874	5
1085	13	23	24
3483	13
11	14	20
1025	9
4121	10
3777	3
3778	21
857	5
69	7	22
238	14	26	29
4247	21
452	5
408	34
3297	21
1273	5
2480	4
246	3	4	21
497	31
4140	13
1316	3	21
3241	3	21
704	19
1640	10
115	3	21
1294	32
548	5
4055	6
3457	3
1908	7	22
2819	3	6
4219	13
1391	3	4
4136	25
2700	26
1100	27	31
3410	13
951	17
780	13	23	24
1288	0
1835	21
529	3	4	21
860	9
1787	6
1001	25
1002	14	26
1169	9
3525	10
1534	13
386	13	23	24
513	17	31
2715	13	25
2716	14	26
3967	20
166	18	26
33	16	28
34	17
2372	6
1729	10
2730	0
1844	10
218	35
414	3	21
1265	28	30
1266	28	30
1267	25	28	30
2204	26
432	16	28
7	9
2509	10
537	9
538	10
2363	16	28
576	16	25
1860	13	23	24
1643	3	21
661	3	21
1457	4
2061	9
1785	34
1472	3	4
369	9
2685	16
887	17
636	9
687	13	23	24
873	3	21
1984	9
4337	10
790	16	28
458	18
459	19
2339	6
300	14	26
72	7	22
73	8
3734	6
382	18
383	19
1517	16	28
1853	10
1933	25	28
2520	0
1818	9
1527	3	21
1185	17
3536	27
1369	5
2710	22
679	8
4427	13
1394	9
3758	28
457	3	13	16	23	24	28
1061	13	23	24
1062	13	24
2306	21
3061	10
2562	3	6
968	19
1891	7	22
1623	17
1400	7	12	22
571	27
1721	3	21
2898	3	6
28	27
3635	16
215	17
127	25	28
1253	18
2109	23
4114	0
23	2
1110	28	30
1089	13	24
4384	10
3073	0
270	3	21
1867	13
1635	13
2217	13
294	13
3887	26
3888	27
1023	9
3975	10
1131	3	13	24
631	0
299	31
2272	13
4115	13
1667	13	23	24
678	7
2596	3	21
2597	21
1569	13
915	3	4	21
916	4
237	13
2391	9
3590	10
2588	3
1087	13
1994	3	21
4311	19
1528	13	23
3337	10
4005	21
4078	3
950	16
2088	9
4422	25
1819	10
3774	6
3209	8
659	3	21
1564	3	6
3794	0
3556	0
120	26	29
3090	13
3567	16
2195	3	21
1634	25
2397	25
2699	25
3925	26
1881	6
2161	9
2062	10
3973	26
4287	9
855	25
856	27
3624	25
1657	26
3625	27
4335	3	21
4265	25
86	17
180	10
3957	3
3656	3
2153	23
2154	24
1354	18
2448	0
4216	26
2513	19
3280	20
10	13
2058	13
3022	6
1829	25
1830	26
570	25
1934	29
3723	0
4161	6
3763	6
1324	0
1783	9
1784	10
2428	3	13	23	24	25
3311	14
3313	13	24
1088	13	23
4356	13
3929	9
3930	10
2225	13
3214	0
3079	13
3046	21
1713	25
3937	6
3302	13
3901	36
2002	21
3805	13
2084	3
406	9
1712	10
2479	3
71	6
2690	10
1448	10
2762	19
3987	6
119	25
2784	13
2752	13
2429	31
3850	25
2537	18	26
4137	0
1656	25
3614	21
2811	10
3856	9
4032	13
3172	25
4273	21
2463	10
2729	13
2555	26
4338	3
3301	26
3041	3
2430	27
1772	19
1540	29
2800	6
3706	0
991	25
209	13
1961	13	24
3605	13
1290	13
4241	13
1839	29
3148	27
3208	6
2078	0
2526	27
2593	6
3618	6
2250	19
3681	25
3682	26
3215	10
1040	0
3663	13
2688	3
831	3	21
2108	10
3091	10
942	4
3479	26
4419	3
1750	0
2852	25
2853	26
1467	3	21
4259	0
1705	25
4429	13
21	0
2364	19
1802	19
4175	13
1532	25
3806	10
4097	13
4366	10
1488	22
1489	12
2398	26
4229	6
4230	7
3759	3
3760	12
3641	13
3634	10
4188	6
2373	13
2435	13
8	10
4226	19
1181	19
2414	31
1132	36
3375	6
2889	6
4192	10
4180	17
1763	26
2473	10
1734	10
3537	14
3538	20
3122	24
2007	26
3113	25
4204	13
914	10
2961	25
1030	0
3938	13
1204	13
3910	9
3800	10
2060	17
4269	24
374	0
1863	3
1864	22
184	13
4458	20
1141	25
4074	0
1136	13
3940	10
3886	6
3684	3
4313	20
1505	23
3421	10
2783	16
3950	13
4015	10
3712	0
578	26
4173	16
4301	9
1907	6
2343	26
46	0
2544	6
3664	3
2746	0
2521	13
2850	18
1367	3
2353	16
3580	26
3520	3
3521	8
2089	10
4271	21
3295	6
3428	13
624	13
2871	13
1201	10
3325	0
2211	29
2377	3
2378	21
1019	0
2298	14
2299	23
4253	25
4193	0
2662	25
3651	22
3766	26
1098	25
3098	19
4095	13
3130	6
4007	13
2830	3
2831	21
3871	24
3773	13
1770	13
3675	10
3417	13
1410	13
4295	25
4296	26
3436	26
181	13
4423	26
4393	25
2723	13
3781	13
2735	25
2736	26
3381	28
4395	21
4300	10
3741	3
1399	6
1897	26
2717	20
3803	26
3804	31
4457	10
2392	10
